#名前,"性別(0=両,1=男,2=女)","タイプ(0=両方,1=剣士,2=ガンナー)",レア度,スロット数,入手時期／集☆（99=集入手不可）,入手時期／村☆（99=村入手不可）,初期防御力,最終防御力,火耐性,水耐性,雷耐性,氷耐性,龍耐性,スキル系統1,スキル値1,スキル系統2,スキル値2,スキル系統3,スキル値3,スキル系統4,スキル値4,スキル系統5,スキル値5,生産素材1,個数,生産素材2,個数,生産素材3,個数,生産素材4,個数
レザーグラブ,0,0,1,1,1,1,1,71,-1,0,0,0,1,採取,1,気まぐれ,1,,,,,,,暖かい毛皮,2,,,,,,
ブレイブグラブ,0,0,1,0,1,1,1,71,2,0,0,0,1,採取,3,運気,2,体力,-2,乗り,2,,,竜骨【小】,1,,,,,,
チェーングラブ,0,0,1,1,1,1,4,73,2,1,-2,1,0,体力,1,腹減り,2,,,,,,,鉄鉱石,1,砥石,2,,,,
ハンターアーム,0,1,1,1,1,1,6,112,0,1,-3,0,0,調合成功率,1,狩人,3,毒,-1,,,,,大地の結晶,1,ジャギィの鱗,2,ツタの葉,1,,
ハンターガード,0,2,1,1,1,1,3,72,1,2,-2,1,1,調合成功率,1,狩人,3,毒,-1,,,,,大地の結晶,1,ジャギィの鱗,2,ツタの葉,1,,
ボーンアーム,0,1,1,1,1,2,7,113,1,0,-1,-2,0,KO,3,笛,1,,,,,,,なぞの骨,2,竜骨【小】,2,モンスターの体液,2,,
ボーンガード,0,2,1,1,1,2,4,73,2,1,0,-1,1,KO,3,笛,1,,,,,,,なぞの骨,2,竜骨【小】,2,モンスターの体液,2,,
アロイアーム,0,1,1,1,1,1,8,114,-1,1,-2,-1,0,防御,2,採取,-1,風圧,1,,,,,マカライト鉱石,2,大地の結晶,2,鉄鉱石,4,,
アロイガード,0,2,1,1,1,1,4,73,0,2,-1,0,1,採取,-1,散弾強化,1,散弾追加,2,,,,,マカライト鉱石,2,大地の結晶,2,鉄鉱石,4,,
クンチュウアーム,0,1,2,1,1,2,12,116,2,2,2,2,2,防御,6,雷耐性,-2,,,,,,,盾虫の甲殻,5,とがった牙,3,鉄鉱石,2,のりこねバッタ,1
クンチュウガード,0,2,2,1,1,2,6,73,3,3,3,3,3,防御,6,雷耐性,-2,,,,,,,盾虫の甲殻,5,とがった牙,3,鉄鉱石,2,のりこねバッタ,1
ブナハグローブ,0,1,2,0,1,2,10,116,-4,-1,2,-1,2,攻撃,-2,特殊攻撃,2,納刀,3,麻痺,1,,,飛甲虫の羽,3,飛甲虫の甲殻,2,甲虫の腹袋,2,光蟲,2
ブナハカフス,0,2,2,0,1,2,5,73,-3,0,3,0,3,攻撃,-2,特殊攻撃,2,納刀,3,麻痺,1,,,飛甲虫の羽,3,飛甲虫の甲殻,2,甲虫の腹袋,2,光蟲,2
リノプロアーム,0,1,2,1,1,3,8,114,1,-1,-1,-1,1,砲術,2,KO,3,気絶,-2,耐泥耐雪,1,,,草食竜の甲殻,2,竜骨【中】,4,鉄鉱石,2,,
リノプロガード,0,2,2,1,1,3,4,73,2,0,0,0,2,砲術,2,KO,2,気絶,-2,耐泥耐雪,1,,,草食竜の甲殻,2,竜骨【中】,4,鉄鉱石,2,,
ガブラスーツグラブ,0,1,2,2,3,99,15,117,1,-2,2,1,-3,属性解放,2,属性耐性,-1,毒,1,,,,,縞模様の皮,5,火竜の翼膜,2,キラビートル,1,蟲のコイン,1
ガブラスーツハンド,0,2,2,2,3,99,8,74,2,-1,3,2,-2,属性解放,2,属性耐性,-1,毒,1,,,,,縞模様の皮,5,火竜の翼膜,2,キラビートル,1,蟲のコイン,1
ジャギィアーム,0,1,2,1,1,2,10,116,-2,0,0,0,1,研ぎ師,4,効果持続,-2,気絶,1,,,,,狗竜の爪,2,狗竜の皮,3,ジャギィの鱗,2,大地の結晶,2
ジャギィガード,0,2,2,1,1,2,5,73,-1,1,1,1,2,装填速度,4,効果持続,-2,気絶,1,,,,,狗竜の爪,2,狗竜の皮,3,ジャギィの鱗,2,大地の結晶,2
ゲネポスアーム,0,1,2,1,2,3,12,116,1,1,-2,-3,2,特殊攻撃,3,回復速度,-2,麻痺,1,,,,,ドスゲネポスの皮,2,ゲネポスの鱗,3,鉄鉱石,2,ゲネポスの麻痺牙,5
ゲネポスガード,0,2,2,1,2,3,6,73,2,2,-1,-2,3,特殊攻撃,3,回復速度,-2,麻痺,1,,,,,ドスゲネポスの皮,2,ゲネポスの鱗,3,鉄鉱石,2,ゲネポスの麻痺牙,5
イーオスアーム,0,1,2,1,3,5,15,117,0,-3,-3,2,2,特殊攻撃,3,毒,1,気絶,-2,,,,,ドスイーオスの皮,1,イーオスの毒牙,5,イーオスの鱗,2,鉄鉱石,2
イーオスガード,0,2,2,1,3,5,8,74,1,-2,-2,3,3,特殊攻撃,3,毒,1,気絶,-2,,,,,ドスイーオスの皮,1,イーオスの毒牙,5,イーオスの鱗,2,鉄鉱石,2
ウルクアーム,0,1,2,1,2,4,15,117,-2,2,-1,2,2,回避距離,2,耐暑,-1,耐寒,3,,,,,白兎獣の氷爪,2,白兎獣の毛,2,白兎獣の腹甲,1,肉厚な皮,4
ウルクガード,0,2,2,1,2,4,8,74,-1,3,0,3,3,回避距離,2,耐暑,-1,耐寒,3,,,,,白兎獣の氷爪,2,白兎獣の毛,2,白兎獣の腹甲,1,肉厚な皮,4
ケチャアーム,0,1,2,1,1,3,14,116,-3,2,-2,0,2,運気,-2,水属性攻撃,3,気まぐれ,1,,,,,奇猿狐の毛,3,奇猿狐の長骨,2,竜骨【小】,2,ツタの葉,3
ケチャガード,0,2,2,1,1,3,7,74,-2,3,-1,1,3,運気,-2,水属性攻撃,3,気まぐれ,1,,,,,奇猿狐の毛,3,奇猿狐の長骨,2,竜骨【小】,2,ツタの葉,3
コンガアーム,0,1,2,1,2,4,14,116,-3,1,1,-1,2,細菌学,2,食いしん坊,1,腹減り,-2,,,,,桃毛獣の毛,2,とがった爪,3,獣骨,4,キラビートル,1
コンガガード,0,2,2,1,2,4,7,74,-2,2,2,0,3,細菌学,2,食いしん坊,1,腹減り,-2,,,,,桃毛獣の毛,2,とがった爪,3,獣骨,4,キラビートル,1
ゲリョスアーム,0,1,2,2,1,3,14,116,-4,1,2,-2,0,スタミナ,3,腹減り,-2,毒,2,,,,,ゴム質の皮,3,大地の結晶,2,マカライト鉱石,2,,
ゲリョスガード,0,2,2,2,1,3,7,74,-3,2,3,-1,1,スタミナ,3,腹減り,-2,毒,2,,,,,ゴム質の皮,3,大地の結晶,2,マカライト鉱石,2,,
カブラアーム,0,1,2,1,1,3,16,118,2,-3,-2,0,1,防御,2,採取,-1,体力,1,研ぎ師,2,,,鬼蛙の爪,1,鬼蛙の甲殻,2,鬼蛙の鱗,2,カワズの油,2
カブラガード,0,2,2,1,1,3,8,74,3,-2,-1,1,2,装填速度,2,防御,2,採取,-1,体力,1,,,鬼蛙の爪,1,鬼蛙の甲殻,2,鬼蛙の鱗,2,カワズの油,2
スキュラアーム,0,1,2,0,2,4,19,121,-2,2,-2,1,2,観察眼,1,腹減り,-2,高速設置,4,睡眠,3,,,影蜘蛛の爪,2,影蜘蛛の甲殻,2,モンスターの体液,2,盾虫の甲殻,2
スキュラガード,0,2,2,0,2,4,9,75,-1,3,-1,2,3,観察眼,1,腹減り,-2,高速設置,4,睡眠,3,,,影蜘蛛の爪,2,影蜘蛛の甲殻,2,モンスターの体液,2,盾虫の甲殻,2
ザボアアーム,0,1,2,1,2,4,20,122,-2,2,-3,2,0,氷属性攻撃,3,肉食,1,腹減り,-2,,,,,化け鮫のヒレ,1,化け鮫の鱗,2,化け鮫の皮,3,氷結袋,3
ザボアガード,0,2,2,1,2,4,10,76,-1,3,-2,3,1,氷属性攻撃,3,肉食,1,腹減り,-2,,,,,化け鮫のヒレ,1,化け鮫の鱗,2,化け鮫の皮,3,氷結袋,3
ガララアーム,0,1,2,0,2,4,20,122,1,-2,0,-4,1,捕獲,3,聴覚保護,2,気まぐれ,-2,麻痺,3,,,絞蛇竜の牙,3,絞蛇竜の骨髄,1,絞蛇竜の鳴甲,2,垂皮竜の皮,3
ガララガード,0,2,2,0,2,4,10,76,2,-1,1,-3,2,捕獲,3,聴覚保護,2,気まぐれ,-2,麻痺,3,,,絞蛇竜の牙,3,絞蛇竜の骨髄,1,絞蛇竜の鳴甲,2,垂皮竜の皮,3
フルフルアーム,0,1,2,1,2,4,19,121,-4,1,1,2,1,雷属性攻撃,3,回復量,2,,,,,,,アルビノの中落ち,1,ブヨブヨした皮,2,鉄鉱石,6,雷光虫,1
フルフルガード,0,2,2,1,2,4,10,76,-3,2,2,3,2,雷属性攻撃,3,回復量,2,,,,,,,アルビノの中落ち,1,ブヨブヨした皮,2,鉄鉱石,6,雷光虫,1
レイアアーム,0,1,2,1,2,4,19,121,2,0,-2,0,-3,体力,1,火属性攻撃,3,回復速度,-2,,,,,火竜の翼爪,2,雌火竜の甲殻,2,雌火竜の棘,1,大地の結晶,5
レイアガード,0,2,2,1,2,4,10,76,3,1,-1,1,-2,体力,1,火属性攻撃,3,回復速度,-2,,,,,火竜の翼爪,2,雌火竜の甲殻,2,雌火竜の棘,1,大地の結晶,5
ランポスアーム,0,1,2,0,1,2,13,117,0,0,0,-4,2,攻撃,4,千里眼,2,麻痺,-2,気絶,1,,,ドスランポスの爪,2,ドスランポスの皮,3,ランポスの鱗,2,大地の結晶,3
ランポスガード,0,2,2,0,1,2,7,74,1,1,1,-3,3,攻撃,4,千里眼,2,麻痺,-2,気絶,1,,,ドスランポスの爪,2,ドスランポスの皮,3,ランポスの鱗,2,大地の結晶,3
クックアーム,0,1,2,0,1,2,16,118,2,-1,-2,-3,2,攻撃,3,火属性攻撃,3,水耐性,-1,,,,,怪鳥の鱗,3,怪鳥の甲殻,2,怪鳥の翼膜,2,,
クックガード,0,2,2,0,1,2,8,74,3,0,-1,-2,3,攻撃,3,火属性攻撃,3,水耐性,-1,,,,,怪鳥の鱗,3,怪鳥の甲殻,2,怪鳥の翼膜,2,,
バサルアーム,0,1,2,1,2,3,18,120,0,-2,1,1,-3,耐暑,2,毒,2,麻痺,-2,睡眠,1,,,岩竜の甲殻,3,マカライト鉱石,5,毒袋,3,大地の結晶,10
バサルガード,0,2,2,1,2,3,9,75,1,-1,2,2,-2,耐暑,2,毒,2,麻痺,-2,睡眠,1,,,岩竜の甲殻,3,マカライト鉱石,5,毒袋,3,大地の結晶,10
アシラアーム,0,1,2,1,99,3,13,117,-2,1,0,-1,1,高速収集,3,食いしん坊,1,腹減り,-2,ハチミツ,2,,,青熊獣の甲殻,2,青熊獣の毛,2,甲虫の腹袋,1,,
アシラガード,0,2,2,1,99,3,7,74,-1,2,1,0,2,高速収集,3,食いしん坊,1,腹減り,-2,ハチミツ,2,,,青熊獣の甲殻,2,青熊獣の毛,2,甲虫の腹袋,1,,
ルドロスアーム,0,1,2,1,99,3,15,117,-3,2,-1,-1,1,スタミナ,1,水属性攻撃,3,雷耐性,-2,耐暑,2,,,水獣の爪,1,ランポスの鱗,2,海綿質の皮,2,水袋,2
ルドロスガード,0,2,2,1,99,3,7,74,-2,3,0,0,2,スタミナ,1,水属性攻撃,3,雷耐性,-1,耐暑,2,,,水獣の爪,1,ランポスの鱗,2,海綿質の皮,2,水袋,2
ボロスアーム,0,1,2,1,99,4,18,120,-4,4,1,-2,0,攻撃,3,防御,2,ガード性能,1,腹減り,-2,,,土砂竜の甲殻,2,草食竜の甲殻,3,竜骨【小】,4,,
ボロスガード,0,2,2,0,99,4,8,74,-3,5,2,-1,1,攻撃,3,防御,1,精密射撃,4,腹減り,-2,,,土砂竜の甲殻,2,草食竜の甲殻,3,竜骨【小】,4,,
ハプルアーム,0,1,2,1,99,5,21,123,2,0,-2,-4,1,納刀,3,食事,2,,,,,,,鮮やかな体液,1,大きな骨,2,甲虫の大顎,2,,
ハプルガード,0,2,2,1,99,5,10,76,3,1,-1,-3,2,納刀,3,食事,2,,,,,,,鮮やかな体液,1,大きな骨,2,甲虫の大顎,2,,
ギザミアーム,0,1,2,1,99,5,21,123,1,2,-1,-1,0,匠,2,達人,-2,斬れ味,1,研ぎ師,3,,,鎌蟹の鋏,1,鎌蟹の甲殻,2,とがった爪,2,,
ギザミガード,0,2,2,1,99,5,10,76,2,3,0,0,1,防御,-1,貫通弾強化,2,貫通弾追加,1,精密射撃,2,,,鎌蟹の鋏,1,鎌蟹の甲殻,2,とがった爪,2,,
ハイメタアーム,0,1,2,1,2,4,14,116,-2,-2,3,-1,0,砲術,2,体力,1,スタミナ,-1,,,,,ドラグライト鉱石,3,マカライト鉱石,2,鉄鉱石,4,とがった爪,2
ハイメタガード,0,2,2,1,2,4,7,74,-1,-1,4,0,1,砲術,2,体力,1,スタミナ,-1,,,,,ドラグライト鉱石,3,マカライト鉱石,2,鉄鉱石,4,とがった爪,2
バトルアーム,0,1,2,1,3,5,14,116,2,-2,-2,-1,0,攻撃,2,聴覚保護,-2,ガード性能,3,,,,,翼蛇竜の皮,1,暖かい毛皮,1,コンガの毛,5,大地の結晶,2
バトルガード,0,2,2,1,3,5,7,74,3,-1,-1,0,1,攻撃,2,聴覚保護,-2,ガード強化,3,,,,,翼蛇竜の皮,1,暖かい毛皮,1,コンガの毛,5,大地の結晶,2
ゴアアーム,0,1,3,2,3,5,21,123,-4,2,-3,1,-2,細菌学,3,闘魂,1,火耐性,-3,,,,,黒蝕竜の惨爪,2,黒蝕竜の鱗,2,黒蝕竜の甲殻,4,ドラグライト鉱石,5
ゴアガード,0,2,3,2,3,5,11,77,-3,3,-2,2,-1,細菌学,3,闘魂,1,火耐性,-3,,,,,黒蝕竜の惨爪,2,黒蝕竜の鱗,2,黒蝕竜の甲殻,4,ドラグライト鉱石,5
レウスアーム,0,1,3,1,3,5,23,125,2,0,-2,0,-3,攻撃,5,火属性攻撃,2,回復量,-2,,,,,火竜の尻尾,1,火竜の翼爪,1,火竜の骨髄,2,ドラグライト鉱石,3
レウスガード,0,2,3,1,3,5,12,78,3,1,-1,1,-2,攻撃,4,火属性攻撃,2,回復量,-2,,,,,火竜の尻尾,1,火竜の翼爪,1,火竜の骨髄,2,ドラグライト鉱石,3
レックスアーム,0,1,3,1,3,5,22,124,2,-1,-4,0,-2,攻撃,2,研ぎ師,-2,食いしん坊,2,,,,,轟竜の牙,4,轟竜の鱗,3,轟竜の爪,4,狗竜の皮,2
レックスガード,0,2,3,1,3,5,11,77,3,0,-3,1,-1,反動,-2,攻撃,2,食いしん坊,2,,,,,轟竜の牙,4,轟竜の鱗,3,轟竜の爪,4,狗竜の皮,2
ジンオウアーム,0,1,3,1,3,5,21,123,0,-2,2,-4,1,本気,1,雷属性攻撃,3,気配,-2,,,,,雷狼竜の爪,3,雷狼竜の逆鱗,1,雷狼竜の帯電毛,2,超電雷光虫,2
ジンオウガード,0,2,3,1,3,5,10,76,1,-1,3,-3,2,本気,1,雷属性攻撃,3,気配,-2,,,,,雷狼竜の爪,3,雷狼竜の逆鱗,1,雷狼竜の帯電毛,2,超電雷光虫,2
セルタスアーム,0,1,3,2,3,5,21,123,-3,3,-1,-2,2,砲術,2,斬れ味,1,気力回復,-2,,,,,重甲虫の胸殻,3,重甲虫の甲殻,5,重甲虫の大顎,2,モンスターの体液,3
セルタスガード,0,2,3,2,3,5,10,76,-2,3,0,-1,3,砲術,2,榴弾追加,2,気力回復,-2,,,,,重甲虫の胸殻,3,重甲虫の甲殻,5,重甲虫の大顎,2,モンスターの体液,3
グラビドアーム,0,1,3,2,3,5,23,125,2,-3,0,1,-2,防御,1,ガード性能,2,スタミナ,-2,,,,,鎧竜の甲殻,6,睡眠袋,4,竜骨【大】,5,ドラグライト鉱石,3
グラビドガード,0,2,3,2,3,5,12,78,3,-2,1,2,-1,反動,2,防御,1,スタミナ,-2,,,,,鎧竜の甲殻,6,睡眠袋,4,竜骨【大】,5,ドラグライト鉱石,3
ブラキアーム,0,1,3,2,3,6,22,124,2,-4,0,-2,0,闘魂,1,回避性能,-2,爆弾強化,2,,,,,砕竜の黒曜甲,3,砕竜の拳,2,なぞの粘菌,3,紅蓮石,5
ブラキガード,0,2,3,2,3,6,11,77,3,-3,1,-1,1,闘魂,1,回避性能,-2,爆弾強化,3,,,,,砕竜の黒曜甲,3,砕竜の拳,2,なぞの粘菌,3,紅蓮石,5
残陽【篭手】,1,1,3,0,4,6,26,126,2,1,-3,2,-3,抜刀減気,2,達人,3,底力,-3,スタミナ,2,,,豪山龍の紅鱗,6,豪山龍の腕甲,1,大地の龍玉,1,マカライト鉱石,3
東雲【篭手】,1,2,3,2,4,6,13,78,3,2,-2,3,-2,装填速度,-3,スタミナ,2,無傷,3,貫通弾強化,2,,,豪山龍の紅鱗,6,豪山龍の腕甲,1,大地の龍玉,1,マカライト鉱石,3
常磐【篭手】,2,1,3,0,4,6,26,126,2,1,-3,2,-3,抜刀減気,2,達人,3,底力,-3,スタミナ,2,,,豪山龍の紅鱗,6,豪山龍の腕甲,1,大地の龍玉,1,マカライト鉱石,3
八千代【篭手】,2,2,3,2,4,6,13,78,3,2,-2,3,-2,装填速度,-3,スタミナ,2,無傷,3,貫通弾強化,2,,,豪山龍の紅鱗,6,豪山龍の腕甲,1,大地の龍玉,1,マカライト鉱石,3
アークアーム,1,1,3,1,7,6,24,126,-3,3,0,1,-5,匠,2,本気,1,火耐性,-3,狂撃耐性,3,,,天廻龍の浄爪,2,天廻龍の鱗,2,天廻龍の甲殻,4,レビテライト鉱石,3
アークガード,1,2,3,1,7,6,12,78,-2,4,1,2,-4,本気,1,装填数,2,火耐性,-3,狂撃耐性,3,,,天廻龍の浄爪,2,天廻龍の鱗,2,天廻龍の甲殻,4,レビテライト鉱石,3
フィリアアーム,2,1,3,1,7,6,24,126,-3,3,0,1,-5,匠,2,本気,1,火耐性,-3,狂撃耐性,3,,,天廻龍の浄爪,2,天廻龍の鱗,2,天廻龍の甲殻,4,レビテライト鉱石,3
フィリアガード,2,2,3,1,7,6,12,78,-2,4,1,2,-4,本気,1,装填数,2,火耐性,-3,狂撃耐性,3,,,天廻龍の浄爪,2,天廻龍の鱗,2,天廻龍の甲殻,4,レビテライト鉱石,3
ガルルガアーム,0,1,3,3,3,5,24,126,1,-3,1,-2,0,剣術,-1,達人,2,聴覚保護,2,,,,,黒狼鳥の鱗,5,黒狼鳥の甲殻,4,黒狼鳥の翼,2,上竜骨,1
ガルルガガード,0,2,3,3,3,5,12,78,2,-2,2,-1,1,達人,2,聴覚保護,2,スタミナ,-1,,,,,黒狼鳥の鱗,5,黒狼鳥の甲殻,4,黒狼鳥の翼,2,上竜骨,1
キリンアームロング,0,1,3,1,3,6,26,126,-2,-2,4,0,2,属性耐性,3,運気,-2,属性攻撃,2,,,,,キリンの皮,5,キリンのたてがみ,2,怪鳥の甲殻,3,雷光虫,5
キリングローブ,0,2,3,1,3,6,13,78,-1,-1,5,1,3,属性耐性,3,運気,-2,属性攻撃,2,,,,,キリンの皮,5,キリンのたてがみ,2,怪鳥の甲殻,3,雷光虫,5
ナルガアーム,0,1,3,2,99,5,22,124,-2,1,-4,1,1,痛撃,1,回避性能,2,スタミナ,-2,回避距離,1,,,迅竜の刃翼,3,上竜骨,5,垂皮竜の皮,5,,
ナルガガード,0,2,3,2,99,5,11,77,-1,2,-3,2,2,痛撃,1,回避性能,2,スタミナ,-2,回避距離,1,,,迅竜の刃翼,3,上竜骨,5,垂皮竜の皮,5,,
ガンキンアーム,0,1,3,1,99,5,24,126,2,-4,1,-1,-2,防御,4,スタミナ,-1,減気攻撃,3,,,,,爆鎚竜の骨髄,1,爆鎚竜の耐熱殻,1,紅蓮石,1,,
ガンキンガード,0,2,3,1,99,5,12,78,3,-3,2,0,-1,防御,3,スタミナ,-1,通常弾強化,3,,,,,爆鎚竜の骨髄,1,爆鎚竜の耐熱殻,1,紅蓮石,1,,
ドボルアーム,0,1,3,1,99,6,24,126,-4,2,1,-2,1,攻撃,3,達人,-1,回復速度,2,,,,,尾槌竜の苔甲,4,竜骨【大】,3,草食竜の甲殻,3,,
ドボルガード,0,2,3,1,99,6,12,78,-3,3,2,-1,2,攻撃,3,達人,-1,回復速度,2,,,,,尾槌竜の苔甲,4,竜骨【大】,3,草食竜の甲殻,3,,
ラヴァアーム,0,1,3,0,99,6,23,125,2,-3,0,0,1,ガード性能,2,千里眼,2,回復速度,3,気配,-2,,,溶岩竜の鱗,3,上竜骨,3,レビテライト鉱石,2,,
ラヴァガード,0,2,3,0,99,6,12,78,3,-2,1,1,2,反動,2,千里眼,2,回復速度,3,気配,-2,,,溶岩竜の鱗,3,上竜骨,3,レビテライト鉱石,2,,
ディアブロアーム,0,1,3,0,99,6,23,125,2,0,0,-4,0,抜刀会心,3,研ぎ師,-2,納刀,3,食事,3,耐震,3,上質なねじれた角,1,上竜骨,1,草食竜の甲殻,3,,
ディアブロガード,0,2,3,0,99,6,12,78,3,1,1,-3,1,反動,3,納刀,5,貫通弾強化,4,精密射撃,-2,,,上質なねじれた角,1,上竜骨,1,草食竜の甲殻,3,,
暁丸【篭手】,1,1,3,1,99,6,26,126,-2,2,0,2,-4,剣術,3,スタミナ,-2,重撃,4,加護,1,,,老山龍の甲殻,3,老山龍の大爪,1,火竜の翼膜,2,,
曙丸【篭手】,1,2,3,1,99,6,13,78,-1,3,1,3,-3,スタミナ,-2,重撃,4,装填数,3,加護,1,,,老山龍の甲殻,3,老山龍の大爪,1,火竜の翼膜,2,,
凛【篭手】,2,1,3,1,99,6,26,126,-2,2,0,2,-4,剣術,3,スタミナ,-2,重撃,4,加護,1,,,老山龍の甲殻,3,老山龍の大爪,1,火竜の翼膜,2,,
艶【篭手】,2,2,3,1,99,6,13,78,-1,3,1,3,-3,スタミナ,-2,重撃,4,装填数,3,加護,1,,,老山龍の甲殻,3,老山龍の大爪,1,火竜の翼膜,2,,
アーティアアーム,0,1,3,1,3,5,20,122,0,-3,-3,1,2,ガード強化,1,研ぎ師,-5,気力回復,5,,,,,さびた破片,4,レビテライト鉱石,3,大地の結晶,10,,
アーティアガード,0,2,3,1,3,5,10,76,1,-2,-2,2,3,装填速度,-5,反動,5,精密射撃,1,,,,,さびた破片,4,レビテライト鉱石,3,大地の結晶,10,,
インゴットアーム,0,1,3,1,3,5,18,120,-2,-2,2,0,0,ガード強化,1,納刀,3,雷属性攻撃,2,気まぐれ,-2,,,紅蓮石,1,ドラグライト鉱石,4,鉄鉱石,8,マカライト鉱石,5
インゴットガード,0,2,3,1,3,5,8,74,-1,-1,3,1,1,反動,2,散弾強化,2,雷属性攻撃,2,気まぐれ,-2,,,紅蓮石,1,ドラグライト鉱石,4,鉄鉱石,8,マカライト鉱石,5
クンチュウＳアーム,0,1,4,2,4,7,31,117,3,3,3,3,3,防御,6,雷耐性,-2,,,,,,,盾虫の堅殻,5,盾虫の甲殻,4,モンスターの濃汁,2,ドスヘラクレス,1
クンチュウＳガード,0,2,4,2,4,7,15,76,4,4,4,4,4,防御,6,雷耐性,-2,,,,,,,盾虫の堅殻,5,盾虫の甲殻,4,モンスターの濃汁,2,ドスヘラクレス,1
ブナハＳグローブ,0,1,4,0,4,7,33,116,-5,-1,2,-1,3,攻撃,-2,特殊攻撃,2,納刀,3,麻痺,1,,,飛甲虫の堅殻,2,飛甲虫の羽,4,上質な腹袋,2,モンスターの体液,3
ブナハＳカフス,0,2,4,0,4,7,16,76,-4,0,3,0,4,攻撃,-2,特殊攻撃,2,納刀,3,麻痺,1,,,飛甲虫の堅殻,2,飛甲虫の羽,4,上質な腹袋,2,モンスターの体液,3
リノプロＳアーム,0,1,4,1,4,7,31,117,2,-1,-1,-1,1,砲術,3,KO,2,気絶,-1,耐泥耐雪,3,,,草食竜の堅殻,3,竜骨【中】,4,氷結晶,3,,
リノプロＳガード,0,2,4,2,4,7,15,76,3,0,0,0,2,砲術,2,KO,2,気絶,-1,耐泥耐雪,1,,,草食竜の堅殻,3,竜骨【中】,4,氷結晶,3,,
ガブラスーツＳグラブ,0,1,4,2,5,99,40,117,2,-3,3,2,-4,属性解放,2,属性耐性,-1,減気攻撃,1,,,,,翼蛇竜の上皮,1,縞模様の皮,4,火竜の翼爪,5,ガマのコイン,1
ガブラスーツＳハンド,0,2,4,2,5,99,20,77,3,-2,4,3,-3,属性解放,2,属性耐性,-1,減気攻撃,1,,,,,翼蛇竜の上皮,1,縞模様の皮,4,火竜の翼爪,5,ガマのコイン,1
ジャギィＳアーム,0,1,4,1,4,7,36,117,-4,0,0,0,2,攻撃,2,研ぎ師,3,効果持続,-2,気絶,1,,,狗竜の尖爪,4,王者のエリマキ,1,鳥竜玉,1,ドラグライト鉱石,2
ジャギィＳガード,0,2,4,1,4,7,18,77,-3,1,1,1,3,装填速度,2,攻撃,2,効果持続,-2,気絶,1,,,狗竜の尖爪,4,王者のエリマキ,1,鳥竜玉,1,ドラグライト鉱石,2
ゲネポスＳアーム,0,1,4,1,4,7,36,117,1,1,-3,-5,3,特殊攻撃,4,回復速度,-2,麻痺,1,,,,,ゲネポスの上鱗,3,ゲネポスの上皮,4,鳥竜玉,1,カブレライト鉱石,2
ゲネポスＳガード,0,2,4,1,4,7,18,77,2,2,-2,-4,4,特殊攻撃,4,回復速度,-2,麻痺,1,,,,,ゲネポスの上鱗,3,ゲネポスの上皮,4,鳥竜玉,1,カブレライト鉱石,2
イーオスＳアーム,0,1,4,1,5,8,44,119,0,-4,-4,3,3,属性解放,1,特殊攻撃,4,毒,1,気絶,-2,,,イーオスの上鱗,3,イーオスの上皮,2,紅蓮石,1,ドスイーオスの皮,3
イーオスＳガード,0,2,4,1,5,8,22,78,1,-3,-3,4,4,属性解放,1,特殊攻撃,4,毒,1,気絶,-2,,,イーオスの上鱗,3,イーオスの上皮,2,紅蓮石,1,ドスイーオスの皮,3
ウルクＳアーム,0,1,4,1,5,8,45,120,-3,2,-1,2,2,回避距離,2,効果持続,4,耐暑,-2,耐寒,3,,,白兎獣の凍爪,2,白兎獣の毛,3,白兎獣の堅腹甲,3,マレコガネ,2
ウルクＳガード,0,2,4,1,5,8,22,78,-2,3,0,3,3,回避距離,2,効果持続,3,耐暑,-2,耐寒,3,,,白兎獣の凍爪,2,白兎獣の毛,3,白兎獣の堅腹甲,3,マレコガネ,2
ケチャＳアーム,0,1,4,1,4,7,43,118,-5,3,-3,0,3,運気,-3,水属性攻撃,3,体術,3,気まぐれ,1,,,奇猿狐の剛毛,3,奇猿狐の鉤爪,1,奇猿狐の長骨,3,盾虫の堅殻,2
ケチャＳガード,0,2,4,1,4,7,21,78,-4,4,-2,1,4,運気,-3,水属性攻撃,3,体術,3,気まぐれ,1,,,奇猿狐の剛毛,3,奇猿狐の鉤爪,1,奇猿狐の長骨,3,盾虫の堅殻,2
コンガＳアーム,0,1,4,1,4,7,38,117,-4,1,1,-1,3,細菌学,2,特殊攻撃,3,食いしん坊,1,腹減り,-2,,,桃毛獣の剛毛,2,とがった爪,4,コンガの剛毛,4,ドスヘラクレス,2
コンガＳガード,0,2,4,1,4,7,19,77,-3,2,2,0,4,細菌学,2,特殊攻撃,3,食いしん坊,1,腹減り,-2,,,桃毛獣の剛毛,2,とがった爪,4,コンガの剛毛,4,ドスヘラクレス,2
ランポスＳアーム,0,1,4,2,4,7,38,117,0,0,0,-5,3,攻撃,4,千里眼,2,麻痺,-1,気絶,1,,,ランポスの尖爪,4,鳴き袋,4,鳥竜玉,1,天空の結晶,2
ランポスＳガード,0,2,4,2,4,7,19,77,1,1,1,-4,4,攻撃,3,千里眼,2,麻痺,-1,気絶,1,,,ランポスの尖爪,4,鳴き袋,4,鳥竜玉,1,天空の結晶,2
クックＳアーム,0,1,4,2,4,99,43,118,3,0,-2,-4,2,攻撃,3,火耐性,1,水耐性,-3,肉食,2,,,怪鳥の上鱗,3,怪鳥の堅殻,2,怪鳥の翼膜,2,,
クックＳガード,0,2,4,2,4,99,21,78,4,1,-1,-3,3,攻撃,3,火耐性,1,水耐性,-3,肉食,2,,,怪鳥の上鱗,3,怪鳥の堅殻,2,怪鳥の翼膜,2,,
ランゴアーム,0,1,4,0,4,99,36,117,-5,-5,2,-4,2,特殊攻撃,2,対防御DOWN,2,毒,-2,麻痺,2,,,ランゴスタの薄羽,1,とがった爪,4,モンスターの濃汁,2,,
ランゴガード,0,2,4,0,4,99,18,77,-4,-4,3,-3,3,特殊攻撃,2,対防御DOWN,2,毒,-2,麻痺,2,,,ランゴスタの薄羽,1,とがった爪,4,モンスターの濃汁,2,,
ガレオスアーム,0,1,4,1,4,7,40,117,-3,2,-4,2,0,防御,3,耐暑,1,腹減り,3,気絶,-1,,,砂竜の上鱗,3,砂竜の上ヒレ,1,マカライト鉱石,8,レビテライト鉱石,2
ガレオスガード,0,2,4,1,4,7,20,77,-2,3,-3,3,1,防御,3,耐暑,1,腹減り,3,気絶,-1,,,砂竜の上鱗,3,砂竜の上ヒレ,1,マカライト鉱石,8,レビテライト鉱石,2
ラングロアーム,0,1,4,1,5,99,47,120,1,-3,0,-1,1,細菌学,1,回避性能,2,耐寒,-2,耐震,2,,,赤甲獣の堅殻,2,魅惑色の柔皮,4,ドラグライト鉱石,5,,
ラングロガード,0,2,4,2,5,99,24,79,2,-2,1,0,2,細菌学,1,回避性能,2,耐寒,-2,耐震,1,,,赤甲獣の堅殻,2,魅惑色の柔皮,4,ドラグライト鉱石,5,,
ザザミアーム,0,1,4,2,4,7,40,117,-3,3,-4,0,1,防御,1,ガード性能,1,雷耐性,-2,,,,,盾蟹の堅殻,2,盾蟹の尖爪,2,カブレライト鉱石,2,とがった爪,4
ザザミガード,0,2,4,2,4,7,20,77,-2,4,-3,1,2,防御,1,ガード性能,1,雷耐性,-2,,,,,盾蟹の堅殻,2,盾蟹の尖爪,2,カブレライト鉱石,2,とがった爪,4
ペッコアーム,0,1,4,1,4,7,36,117,2,-1,0,-3,0,広域,3,笛,1,,,,,,,徹甲虫の薄羽,3,極彩色の羽根,1,上質な毛皮,1,,
ペッコガード,0,2,4,1,4,7,18,77,3,0,1,-2,1,広域,4,笛,1,,,,,,,徹甲虫の薄羽,3,極彩色の羽根,1,上質な毛皮,1,,
ガノスアーム,0,1,4,1,99,4,20,122,-4,3,-5,2,2,捕獲,3,スタミナ,2,耐暑,2,高速設置,4,,,水竜の鱗,3,肉厚な皮,2,カワズの油,2,,
ガノスガード,0,2,4,1,99,4,10,76,-3,4,-4,3,3,捕獲,2,スタミナ,1,耐暑,2,高速設置,4,,,水竜の鱗,3,肉厚な皮,2,カワズの油,2,,
レザーＳアーム,0,1,4,1,4,7,22,114,-2,0,0,0,2,採取,3,運気,-1,高速収集,1,,,,,上質な毛皮,1,竜骨【大】,3,盾虫の堅殻,1,,
レザーＳガード,0,2,4,1,4,7,11,75,-1,1,1,1,3,採取,3,運気,-1,高速収集,1,,,,,上質な毛皮,1,竜骨【大】,3,盾虫の堅殻,1,,
ブレイブＳアーム,0,1,4,1,4,7,18,114,3,0,0,0,2,採取,5,体力,-3,回復速度,1,乗り,1,,,天空の結晶,2,上質な毛皮,1,ランポスの上鱗,2,ドラグライト鉱石,4
ブレイブＳガード,0,2,4,1,4,7,9,75,4,1,1,1,3,採取,5,体力,-3,回復速度,1,乗り,2,,,天空の結晶,2,上質な毛皮,1,ランポスの上鱗,2,ドラグライト鉱石,4
チェーンＳアーム,0,1,4,1,4,7,23,115,2,2,-3,1,0,体力,3,調合成功率,1,腹減り,2,睡眠,-2,,,カブレライト鉱石,2,氷結晶,2,大地の結晶,2,,
チェーンＳガード,0,2,4,1,4,7,11,75,3,3,-2,2,1,体力,3,調合成功率,1,腹減り,2,睡眠,-2,,,カブレライト鉱石,2,氷結晶,2,大地の結晶,2,,
ハンターＳアーム,0,1,4,1,4,7,26,116,0,2,-4,0,0,千里眼,1,調合成功率,1,狩人,3,毒,-1,,,カブレライト鉱石,2,ジャギィの上鱗,2,大地の結晶,2,竜骨【大】,2
ハンターＳガード,0,2,4,1,4,7,13,75,1,3,-3,1,1,千里眼,1,調合成功率,1,狩人,3,毒,-1,,,カブレライト鉱石,2,ジャギィの上鱗,2,大地の結晶,2,竜骨【大】,2
ボーンＳアーム,0,1,4,0,4,7,27,117,2,0,-1,-3,0,KO,3,観察眼,4,笛,1,睡眠,-1,,,上質な鳥竜骨,2,竜骨【大】,1,とがった牙,5,,
ボーンＳガード,0,2,4,0,4,7,13,75,3,1,0,-2,1,KO,3,観察眼,4,笛,1,睡眠,-1,,,上質な鳥竜骨,2,竜骨【大】,1,とがった牙,5,,
アロイＳアーム,0,1,4,0,4,7,28,116,-1,2,-3,-2,0,防御,4,採取,-1,達人,2,風圧,1,,,カブレライト鉱石,3,レビテライト鉱石,2,マカライト鉱石,7,大地の結晶,7
アロイＳガード,0,2,4,0,4,7,14,75,0,3,-2,-1,1,装填速度,3,採取,-2,散弾強化,3,散弾追加,2,,,カブレライト鉱石,3,レビテライト鉱石,2,マカライト鉱石,7,大地の結晶,7
マギュルラーマ,0,1,4,0,99,4,19,121,-4,1,0,2,0,重撃,2,溜め短縮,3,調合成功率,1,調合数,2,回復速度,3,ペピポパンプキン,2,キラビートル,2,ツラヌキの実,10,トウガラシ,10
マギュルアスト,0,2,4,0,99,4,9,75,-3,2,1,3,1,重撃,2,溜め短縮,3,調合成功率,1,調合数,2,回復速度,3,ペピポパンプキン,2,キラビートル,2,ツラヌキの実,10,トウガラシ,10
ロワーガマーノ,1,1,4,1,3,5,18,120,-4,0,3,-1,1,属性解放,1,聴覚保護,1,龍属性攻撃,3,加護,-3,,,オオクワアゲハ,1,レビテライト鉱石,2,アルビノエキス,5,にが虫,10
ロワーガブラッソ,1,2,4,1,3,5,9,75,-3,1,4,0,2,属性解放,1,聴覚保護,1,龍属性攻撃,3,加護,-3,,,オオクワアゲハ,1,レビテライト鉱石,2,アルビノエキス,5,にが虫,10
ファルメルマーノ,2,1,4,1,3,5,18,120,-4,0,3,-1,1,属性解放,1,聴覚保護,1,龍属性攻撃,3,加護,-3,,,オオクワアゲハ,1,レビテライト鉱石,2,アルビノエキス,5,にが虫,10
ファルメルブラッソ,2,2,4,1,3,5,9,75,-3,1,4,0,2,属性解放,1,聴覚保護,1,龍属性攻撃,3,加護,-3,,,オオクワアゲハ,1,レビテライト鉱石,2,アルビノエキス,5,にが虫,10
キングロブスタアーム,0,1,4,1,99,4,16,118,-2,5,-5,2,-2,回避性能,2,回避距離,1,火耐性,-3,,,,,エビの小殻,2,化け鮫のヒレ,1,カワズの油,2,大地の結晶,4
キングロブスタガード,0,2,4,1,99,4,8,74,-1,6,-4,3,-1,回避性能,2,回避距離,1,火耐性,-3,,,,,エビの小殻,2,化け鮫のヒレ,1,カワズの油,2,大地の結晶,4
ガーディアンアーム,1,1,4,1,2,99,18,120,0,0,0,0,0,採取,-2,砲術,4,加護,2,,,,,ドラグライト鉱石,2,闘技王のコイン,3,鳥竜のコイン,3,,
ガーディアンガード,1,2,4,1,2,99,9,75,1,1,1,1,1,採取,-2,広域,3,加護,2,,,,,ドラグライト鉱石,2,闘技王のコイン,3,鳥竜のコイン,3,,
ヘルパーグラブ,2,1,4,1,2,99,18,120,0,0,0,0,0,採取,-2,砲術,4,加護,2,,,,,ドラグライト鉱石,2,闘技王のコイン,3,鳥竜のコイン,3,,
ヘルパーカフス,2,2,4,1,2,99,9,75,1,1,1,1,1,採取,-2,広域,3,加護,2,,,,,ドラグライト鉱石,2,闘技王のコイン,3,鳥竜のコイン,3,,
ギルドバードアーム,1,1,4,1,3,99,20,122,0,0,0,0,0,運気,3,広域,4,気配,-3,,,,,レビテライト鉱石,1,蟲のコイン,2,鳥竜のコイン,3,闘技王のコイン,3
ギルドバードカフス,1,2,4,1,3,99,10,76,1,1,1,1,1,運気,3,広域,4,気配,-3,,,,,レビテライト鉱石,1,蟲のコイン,2,鳥竜のコイン,3,闘技王のコイン,3
スカラーグラブ,2,1,4,1,3,99,20,122,0,0,0,0,0,運気,3,広域,4,気配,-3,,,,,レビテライト鉱石,1,蟲のコイン,2,鳥竜のコイン,3,闘技王のコイン,3
スカラーカフス,2,2,4,1,3,99,10,76,1,1,1,1,1,運気,3,広域,4,気配,-3,,,,,レビテライト鉱石,1,蟲のコイン,2,鳥竜のコイン,3,闘技王のコイン,3
コンガＵアーム,0,1,5,1,4,7,40,117,1,0,0,-4,3,底力,2,爆弾強化,2,腹減り,-1,,,,,緑毛獣の剛毛,2,緑毛獣の尖爪,3,コンガの剛毛,4,とがった爪,4
コンガＵガード,0,2,5,1,4,7,20,77,2,1,1,-3,4,底力,2,爆弾強化,2,腹減り,-1,,,,,緑毛獣の剛毛,2,緑毛獣の尖爪,3,コンガの剛毛,4,とがった爪,4
ゲリョスＳアーム,0,1,5,2,4,7,47,120,-5,2,3,-2,0,達人,2,腹減り,-2,毒,2,,,,,ゴム質の上皮,4,モンスターの濃汁,2,大地の結晶,4,ゲネポスの上鱗,2
ゲリョスＳガード,0,2,5,2,4,7,23,78,-4,3,4,-1,1,達人,2,腹減り,-2,毒,2,,,,,ゴム質の上皮,4,モンスターの濃汁,2,大地の結晶,4,ゲネポスの上鱗,2
カブラＳアーム,0,1,5,1,4,7,48,121,3,-5,-4,0,2,防御,4,採取,-2,体力,1,研ぎ師,2,,,鬼蛙の尖爪,2,鬼蛙の堅殻,4,鬼蛙の上鱗,2,ドスヘラクレス,5
カブラＳガード,0,2,5,1,4,7,24,78,4,-4,-3,1,3,装填速度,2,防御,4,採取,-2,体力,1,,,鬼蛙の尖爪,2,鬼蛙の堅殻,4,鬼蛙の上鱗,2,ドスヘラクレス,5
スキュラＳアーム,0,1,5,0,4,7,48,121,-3,3,-3,2,3,達人,3,観察眼,1,腹減り,-3,高速設置,4,毒,3,影蜘蛛の鋭爪,4,影蜘蛛の堅殻,2,堅牢な骨,1,盾虫の堅殻,3
スキュラＳガード,0,2,5,0,4,7,24,78,-2,4,-2,3,4,達人,3,観察眼,1,腹減り,-3,高速設置,4,毒,3,影蜘蛛の鋭爪,4,影蜘蛛の堅殻,2,堅牢な骨,1,盾虫の堅殻,3
ザボアＳアーム,0,1,5,2,5,8,53,124,-4,3,-5,3,0,氷属性攻撃,3,食事,2,腹減り,-3,,,,,化け鮫の上皮,4,化け鮫の上鱗,2,化け鮫の鱗,3,鮫肌の鱗,2
ザボアＳガード,0,2,5,2,5,8,27,79,-3,4,-4,4,1,氷属性攻撃,3,食事,2,腹減り,-3,,,,,化け鮫の上皮,4,化け鮫の上鱗,2,化け鮫の鱗,3,鮫肌の鱗,2
ガララＳアーム,0,1,5,0,5,8,55,124,3,-3,0,-5,3,捕獲,3,聴覚保護,3,気まぐれ,-3,麻痺,3,,,絞蛇竜の堅殻,5,絞蛇竜の甲殻,6,絞蛇竜の骨髄,2,ゲネポスの上皮,3
ガララＳガード,0,2,5,0,5,8,28,80,4,-2,1,-4,4,捕獲,3,聴覚保護,2,気まぐれ,-3,麻痺,4,,,絞蛇竜の堅殻,5,絞蛇竜の甲殻,6,絞蛇竜の骨髄,2,ゲネポスの上皮,3
フルフルＳアーム,0,1,5,1,5,8,50,121,-5,1,1,2,1,雷属性攻撃,3,広域,2,回復速度,2,気絶,-1,,,真珠色の柔皮,2,カブレライト鉱石,2,肉厚な上皮,5,上竜骨,2
フルフルＳガード,0,2,5,1,5,8,25,79,-4,2,2,3,2,雷属性攻撃,3,広域,2,回復速度,2,気絶,-1,,,真珠色の柔皮,2,カブレライト鉱石,2,肉厚な上皮,5,上竜骨,2
レイアＳアーム,0,1,5,1,5,8,50,121,3,0,-2,0,-4,体力,3,火属性攻撃,4,回復量,1,回復速度,-1,,,雌火竜の堅殻,4,火竜の翼爪,3,雌火竜の棘,2,紅蓮石,3
レイアＳガード,0,2,5,1,5,8,25,79,4,1,-1,1,-3,体力,3,火属性攻撃,4,回復量,1,回復速度,-1,,,雌火竜の堅殻,4,火竜の翼爪,3,雌火竜の棘,2,紅蓮石,3
レウスＳアーム,0,1,5,1,5,8,57,126,3,0,-2,0,-4,攻撃,5,火属性攻撃,2,回復量,-2,,,,,火竜の上鱗,4,火竜の翼爪,2,火竜の尻尾,1,獄炎石,2
レウスＳガード,0,2,5,1,5,8,28,80,4,1,-1,1,-3,攻撃,4,火属性攻撃,3,回復量,-2,,,,,火竜の上鱗,4,火竜の翼爪,2,火竜の尻尾,1,獄炎石,2
レックスＳアーム,0,1,5,2,5,8,55,124,2,-1,-4,0,-2,匠,2,攻撃,2,研ぎ師,-2,食いしん坊,2,,,轟竜の鋭牙,3,轟竜の上鱗,6,堅竜骨,2,狗竜の皮,5
レックスＳガード,0,2,5,2,5,8,28,80,3,0,-3,1,-1,反動,-2,攻撃,2,装填数,2,食いしん坊,2,,,轟竜の鋭牙,3,轟竜の上鱗,6,堅竜骨,2,狗竜の皮,5
ジンオウＳアーム,0,1,5,0,5,8,52,123,0,-2,3,-4,1,剣術,1,本気,5,斬れ味,3,雷属性攻撃,3,気配,-2,雷狼竜の尖爪,5,雷狼竜の高電殻,4,雷狼竜の帯電毛,3,徹甲虫の堅殻,6
ジンオウＳガード,0,2,5,0,5,8,26,79,1,-1,4,-3,2,装填速度,3,本気,4,装填数,2,雷属性攻撃,3,気配,-2,雷狼竜の尖爪,5,雷狼竜の高電殻,4,雷狼竜の帯電毛,3,徹甲虫の堅殻,6
セルタスＳアーム,0,1,5,2,5,8,53,124,-4,3,-1,-3,3,匠,2,砲術,2,斬れ味,1,気力回復,-3,,,重甲虫の堅殻,6,重甲虫の鋭爪,2,重甲虫の堅胸殻,5,モンスターの濃汁,6
セルタスＳガード,0,2,5,2,5,8,27,79,-3,4,0,-2,4,装填速度,4,砲術,2,気力回復,-3,,,,,重甲虫の堅殻,6,重甲虫の鋭爪,2,重甲虫の堅胸殻,5,モンスターの濃汁,6
グラビドＳアーム,0,1,5,2,5,8,57,126,3,-4,0,2,-3,匠,2,防御,2,ガード性能,4,スタミナ,-2,,,鎧竜の堅殻,2,鎧竜の頭殻,1,堅竜骨,1,獄炎石,1
グラビドＳガード,0,2,5,2,5,8,29,80,4,-3,1,3,-2,反動,4,防御,2,スタミナ,-2,装填数,2,,,鎧竜の堅殻,2,鎧竜の頭殻,1,堅竜骨,1,獄炎石,1
クックＵアーム,0,1,5,2,4,7,47,120,3,-4,-3,0,2,達人,3,聴覚保護,-1,スタミナ,2,,,,,青怪鳥の上鱗,3,青怪鳥の堅殻,2,強靭な鳥竜皮,2,堅牢な骨,3
クックＵガード,0,2,5,2,4,7,23,78,4,-3,-2,1,3,達人,3,聴覚保護,-1,スタミナ,2,,,,,青怪鳥の上鱗,3,青怪鳥の堅殻,2,強靭な鳥竜皮,2,堅牢な骨,3
バサルＳアーム,0,1,5,2,5,99,50,121,-1,-2,1,1,-3,納刀,3,食事,3,腹減り,-2,耐泥耐雪,1,,,岩竜の堅殻,3,ドラグライト鉱石,5,猛毒袋,3,ユニオン鉱石,6
バサルＳガード,0,2,5,2,5,99,25,79,0,-1,2,2,-2,納刀,3,食事,3,腹減り,-2,耐泥耐雪,1,,,岩竜の堅殻,3,ドラグライト鉱石,5,猛毒袋,3,ユニオン鉱石,6
ガルルガＳアーム,0,1,5,2,6,9,60,127,3,-4,3,-4,1,剣術,-1,達人,2,聴覚保護,2,斬れ味,2,,,黒狼鳥の上鱗,5,黒狼鳥の堅殻,3,黒狼鳥の尻尾,1,堅竜骨,2
ガルルガＳガード,0,2,5,2,6,9,30,80,4,-3,4,-3,2,達人,2,聴覚保護,2,スタミナ,-1,貫通弾強化,2,,,黒狼鳥の上鱗,5,黒狼鳥の堅殻,3,黒狼鳥の尻尾,1,堅竜骨,2
モノブロＳアーム,0,1,5,2,99,8,57,126,0,2,-3,-4,2,攻撃,3,底力,2,加護,-2,,,,,一角竜の堅甲,2,上質な真紅の角,1,一角竜の堅殻,4,堅竜骨,3
モノブロＳガード,0,2,5,2,99,8,29,80,1,3,-2,-3,3,攻撃,3,底力,2,加護,-2,,,,,一角竜の堅甲,2,上質な真紅の角,1,一角竜の堅殻,4,堅竜骨,3
ブランゴアーム,0,1,5,0,5,99,55,124,-4,2,0,2,1,攻撃,2,耐暑,-2,耐寒,3,耐泥耐雪,2,,,雪獅子の剛毛,2,白兎獣の凍爪,2,白兎獣の堅腹甲,2,堅牢な骨,2
ブランゴガード,0,2,5,0,5,99,28,80,-3,3,1,3,2,攻撃,2,耐暑,-2,耐寒,3,耐泥耐雪,2,,,雪獅子の剛毛,2,白兎獣の凍爪,2,白兎獣の堅腹甲,2,堅牢な骨,2
ガブルアーム,0,1,5,1,5,99,52,123,-2,3,-4,0,1,達人,5,食事,2,回復速度,-2,,,,,灯魚竜の上皮,4,灯魚竜の上棘,1,化け鮫の鱗,3,竜骨【中】,5
ガブルガード,0,2,5,1,5,99,26,79,-1,4,-3,1,2,達人,5,食事,2,回復速度,-2,,,,,灯魚竜の上皮,4,灯魚竜の上棘,1,化け鮫の鱗,3,竜骨【中】,5
ベリオアーム,0,1,5,1,5,99,57,126,-5,0,-1,3,0,回避性能,2,氷属性攻撃,4,体術,2,気力回復,-2,,,琥珀色の鋭牙,2,白兎獣の剛毛,4,白兎獣の堅腹甲,3,,
ベリオガード,0,2,5,1,5,99,29,80,-4,1,0,4,1,回避性能,1,氷属性攻撃,4,体術,2,気力回復,-2,,,琥珀色の鋭牙,2,白兎獣の剛毛,4,白兎獣の堅腹甲,3,,
ハイメタＳアーム,0,1,5,1,99,7,18,114,-2,-2,3,-1,0,防御,3,研ぎ師,2,毒,-2,,,,,※店売り,1,,,,,,
ハイメタＳガード,0,2,5,1,99,7,9,75,-1,-1,4,0,1,防御,3,通常弾強化,2,毒,-2,,,,,※店売り,1,,,,,,
イーオスーツグラブ,0,1,5,2,5,8,41,116,2,1,1,1,1,運気,2,毒,3,気絶,-2,,,,,イーオスの上皮,4,イーオスの上鱗,4,イーオスの毒牙,8,猛毒袋,3
イーオスーツハンド,0,2,5,2,5,8,21,78,3,2,2,2,2,採取,-2,運気,4,火耐性,2,,,,,イーオスの上皮,4,イーオスの上鱗,4,イーオスの毒牙,8,猛毒袋,3
オウビートマーノ,1,1,5,2,5,99,43,118,3,-5,3,-4,2,採取,2,回避性能,2,特殊攻撃,2,耐寒,-2,,,オオツノアゲハ,1,マレコガネ,1,電撃袋,1,麻痺袋,2
オウビートブラッソ,1,2,5,2,5,99,21,78,4,-4,5,-3,2,採取,2,回避性能,2,特殊攻撃,2,耐寒,-2,,,オオツノアゲハ,1,マレコガネ,1,電撃袋,1,麻痺袋,2
パピメルマーノ,2,1,5,2,5,99,43,118,3,-5,3,-4,2,採取,2,回避性能,2,特殊攻撃,2,耐寒,-2,,,オオツノアゲハ,1,マレコガネ,1,電撃袋,1,麻痺袋,2
パピメルブラッソ,2,2,5,2,5,99,21,78,4,-4,5,-3,2,採取,2,回避性能,2,特殊攻撃,2,耐寒,-2,,,オオツノアゲハ,1,マレコガネ,1,電撃袋,1,麻痺袋,2
アーティアＳアーム,0,1,5,2,5,9,51,122,0,-3,-3,2,3,属性解放,4,抜刀会心,2,ガード強化,3,,,,,太古の破片,6,フルクライト鉱石,2,さびた破片,2,天空の結晶,10
アーティアＳガード,0,2,5,2,5,9,26,79,1,-2,-2,3,4,反動,4,速射,3,痛撃,3,,,,,太古の破片,6,フルクライト鉱石,2,さびた破片,2,天空の結晶,10
三眼の腕輪,0,0,5,3,4,7,18,77,0,3,-3,0,1,,,,,,,,,,,カブレライト鉱石,3,ノヴァクリスタル,2,,,,
ゴアＳアーム,0,1,6,0,5,99,52,123,-5,3,-3,2,-2,細菌学,4,匠,2,闘魂,4,火耐性,-4,,,黒蝕竜の鋭惨爪,5,黒蝕竜の上暗翼,2,黒蝕竜の堅殻,5,黒蝕竜の暗翼,2
ゴアＳガード,0,2,6,0,5,99,26,79,-4,4,-2,3,-1,細菌学,4,闘魂,3,装填数,2,火耐性,-5,,,黒蝕竜の鋭惨爪,5,黒蝕竜の上暗翼,2,黒蝕竜の堅殻,5,黒蝕竜の暗翼,2
レギオスＳアーム,0,1,6,1,99,9,58,125,3,0,-3,-2,0,剣術,4,研ぎ師,-3,体術,4,裂傷,1,,,千刃竜の刻爪,5,千刃竜の尖翼爪,4,千刃竜の飛刃,3,ノヴァクリスタル,2
レギオスＳガード,0,2,6,1,99,9,29,80,4,1,-2,-1,1,装填速度,-2,反動,4,体術,4,裂傷,1,,,千刃竜の刻爪,5,千刃竜の尖翼爪,4,千刃竜の飛刃,3,ノヴァクリスタル,2
ゲリョスＵアーム,0,1,6,0,4,7,48,121,-5,2,3,-2,0,達人,-1,風圧,4,気絶,2,,,,,ゴム質の紫皮,3,毒怪鳥の紫翼,2,大地の結晶,4,ゲネポスの上鱗,2
ゲリョスＵガード,0,2,6,0,4,7,24,78,-4,3,4,-1,1,達人,-1,風圧,4,気絶,2,,,,,ゴム質の紫皮,3,毒怪鳥の紫翼,2,大地の結晶,4,ゲネポスの上鱗,2
フルフルＵアーム,0,1,6,2,5,8,51,122,1,-5,1,2,1,回復量,1,広域,3,回復速度,-2,,,,,魅惑色の柔皮,3,アルビノの霜降り,1,ユニオン鉱石,4,生命の粉塵,3
フルフルＵガード,0,2,6,2,5,8,26,79,2,-4,2,3,2,回復量,1,広域,3,回復速度,-2,,,,,魅惑色の柔皮,3,アルビノの霜降り,1,ユニオン鉱石,4,生命の粉塵,3
リオハートアーム,0,1,6,1,5,8,51,122,3,0,-2,0,-4,底力,1,火属性攻撃,5,風圧,2,気配,-1,,,桜火竜の堅殻,2,桜火竜の上鱗,4,尖竜骨,3,雌火竜の逆鱗,1
リオハートガード,0,2,6,1,5,8,26,79,4,1,-1,1,-3,底力,1,火属性攻撃,5,風圧,2,気配,-1,,,桜火竜の堅殻,2,桜火竜の上鱗,4,尖竜骨,3,雌火竜の逆鱗,1
リオソウルアーム,0,1,6,1,6,9,58,125,3,0,0,-2,-4,達人,5,体力,-2,聴覚保護,1,斬れ味,2,,,蒼火竜の堅殻,2,蒼火竜の尻尾,3,堅竜骨,3,カブレライト鉱石,3
リオソウルガード,0,2,6,1,6,9,29,80,4,1,1,-1,-3,達人,5,体力,-2,聴覚保護,1,通常弾強化,1,,,蒼火竜の堅殻,2,蒼火竜の尻尾,3,堅竜骨,3,カブレライト鉱石,3
レックスＵアーム,0,1,6,1,6,9,59,126,2,-4,-2,0,-1,聴覚保護,1,研ぎ師,-1,観察眼,2,食事,3,,,黒轟竜の鋭牙,3,黒轟竜の上鱗,5,堅竜骨,3,イーオスの上鱗,10
レックスＵガード,0,2,6,1,6,9,29,80,3,-3,-1,1,0,反動,-1,聴覚保護,1,観察眼,2,食事,3,,,黒轟竜の鋭牙,3,黒轟竜の上鱗,5,堅竜骨,3,イーオスの上鱗,10
ジンオウＵアーム,0,1,6,1,6,9,53,124,0,-4,-5,0,4,回避性能,1,溜め短縮,1,無傷,3,龍属性攻撃,2,回復量,-2,獄狼竜の尖爪,5,獄狼竜の龍殻,4,獄狼竜の龍毛,3,ノヴァクリスタル,2
ジンオウＵガード,0,2,6,1,6,9,27,79,1,-3,-4,1,5,回避性能,1,無傷,3,装填数,1,龍属性攻撃,2,回復量,-2,獄狼竜の尖爪,5,獄狼竜の龍殻,4,獄狼竜の龍毛,3,ノヴァクリスタル,2
グラビドＵアーム,0,1,6,2,6,9,58,125,3,-5,1,1,1,防御,2,ガード強化,2,スタミナ,-2,燃鱗,3,,,黒鎧竜の堅殻,2,鎧竜の堅殻,1,堅竜骨,3,爆炎袋,3
グラビドＵガード,0,2,6,2,6,9,29,80,4,-4,2,2,2,防御,2,ガード強化,2,スタミナ,-2,燃鱗,3,,,黒鎧竜の堅殻,2,鎧竜の堅殻,1,堅竜骨,3,爆炎袋,3
ブラキＳアーム,0,1,6,1,6,9,57,126,3,-4,0,-2,0,抜刀会心,1,闘魂,3,回避性能,-2,底力,3,爆弾強化,3,砕竜の堅黒曜甲,3,砕竜の剛拳,1,なぞの粘菌,3,ノヴァクリスタル,1
ブラキＳガード,0,2,6,1,6,9,28,80,4,-3,1,-1,1,速射,1,闘魂,3,回避性能,-2,底力,3,爆弾強化,3,砕竜の堅黒曜甲,3,砕竜の剛拳,1,なぞの粘菌,3,ノヴァクリスタル,1
バンギスアーム,0,1,6,0,7,9,62,127,0,0,-4,1,-4,攻撃,3,斬れ味,3,食事,2,腹減り,-2,,,恐暴竜の黒鱗,6,恐暴竜の大牙,5,恐暴竜の唾液,3,砕竜の骨髄,1
バンギスガード,0,2,6,0,7,9,31,80,1,1,-3,2,-3,反動,3,攻撃,4,食事,3,腹減り,-2,,,恐暴竜の黒鱗,6,恐暴竜の大牙,5,恐暴竜の唾液,3,砕竜の骨髄,1
バサルＵアーム,0,1,6,2,5,99,53,124,0,-2,0,-3,1,ガード性能,3,耐暑,3,毒,2,麻痺,-2,,,桃岩竜の堅殻,3,カブレライト鉱石,5,猛毒袋,3,桃岩竜の翼,2
バサルＵガード,0,2,6,2,5,99,27,79,1,-1,1,-2,2,通常弾強化,2,耐暑,3,毒,2,麻痺,-2,,,桃岩竜の堅殻,3,カブレライト鉱石,5,猛毒袋,3,桃岩竜の翼,2
キリンＳアームロング,0,1,6,2,8,99,60,127,-3,-3,5,-1,3,属性解放,2,属性耐性,2,運気,-3,属性攻撃,2,,,キリンの上皮,3,キリンの雷尾,3,青怪鳥の堅殻,6,フルクライト鉱石,2
キリンＳグローブ,0,2,6,2,8,99,30,80,-2,-2,6,0,4,属性解放,2,属性耐性,2,運気,-3,属性攻撃,2,,,キリンの上皮,3,キリンの雷尾,3,青怪鳥の堅殻,6,フルクライト鉱石,2
ラギアアーム,0,1,6,1,6,99,60,127,-5,1,3,-1,-1,属性解放,3,痛撃,3,特殊攻撃,-2,溜め短縮,3,,,海竜の高電殻,1,蒼火竜の上鱗,3,蒼火竜の翼,3,,
ラギアガード,0,2,6,1,6,99,30,80,-4,2,4,0,0,属性解放,3,痛撃,3,特殊攻撃,-2,溜め短縮,3,,,海竜の高電殻,1,蒼火竜の上鱗,3,蒼火竜の翼,3,,
アグナアーム,0,1,6,2,6,99,59,126,3,-5,0,-1,0,ガード性能,1,底力,-2,火属性攻撃,3,燃鱗,1,,,炎戈竜の堅殻,4,黒轟竜の尖爪,2,紅蓮石,4,,
アグナガード,0,2,6,1,6,99,30,80,4,-4,1,0,1,底力,-2,通常弾強化,3,精密射撃,2,火属性攻撃,2,燃鱗,1,炎戈竜の堅殻,4,黒轟竜の尖爪,2,紅蓮石,4,,
ドーベルアーム,0,1,6,2,4,7,47,120,-2,0,0,0,3,龍属性攻撃,3,腹減り,-2,耐震,1,,,,,いにしえの龍骨,3,鬼蛙の巨大牙,3,鳥竜玉,2,竜骨【大】,5
ドーベルガード,0,2,6,2,4,7,24,78,-1,1,1,1,4,装填速度,1,龍属性攻撃,4,腹減り,-2,,,,,いにしえの龍骨,3,鬼蛙の巨大牙,3,鳥竜玉,2,竜骨【大】,5
ホークアーム,1,1,6,2,5,99,45,120,2,-1,1,0,2,狩人,3,指揮,2,腹減り,-3,,,,,旅団チケット,2,オオツノアゲハ,4,エビの小殻,5,天空の結晶,3
ホークガード,1,2,6,1,5,99,23,78,3,0,2,1,3,狩人,3,指揮,3,腹減り,-3,,,,,旅団チケット,2,オオツノアゲハ,4,エビの小殻,5,天空の結晶,3
エコールアーム,2,1,6,2,5,99,45,120,2,-1,1,0,2,狩人,3,指揮,2,腹減り,-3,,,,,旅団チケット,2,オオツノアゲハ,4,エビの小殻,5,天空の結晶,3
エコールガード,2,2,6,1,5,99,23,78,3,0,2,1,3,狩人,3,指揮,3,腹減り,-3,,,,,旅団チケット,2,オオツノアゲハ,4,エビの小殻,5,天空の結晶,3
ギルドナイトグラブ,1,1,6,1,8,10,52,123,0,0,0,0,0,匠,2,剥ぎ取り,1,広域,5,気配,-3,,,希望の証,1,青怪鳥の上鱗,4,イカしたクチバシ,2,,
ギルドナイトカフス,1,2,6,1,8,10,26,79,1,1,1,1,1,剥ぎ取り,1,装填数,2,広域,5,気配,-3,,,希望の証,1,青怪鳥の上鱗,4,イカしたクチバシ,2,,
メイドグラブ,2,1,6,1,8,10,52,123,0,0,0,0,0,匠,2,剥ぎ取り,1,広域,5,気配,-3,,,希望の証,1,青怪鳥の上鱗,4,イカしたクチバシ,2,,
メイドカフス,2,2,6,1,8,10,26,79,1,1,1,1,1,剥ぎ取り,1,装填数,2,広域,5,気配,-3,,,希望の証,1,青怪鳥の上鱗,4,イカしたクチバシ,2,,
ユクモノコテ・天,0,1,6,2,8,99,60,127,-1,0,2,0,0,匠,1,研ぎ師,3,回復量,2,加護,3,,,蛇王龍の鋼皮,3,凶星の破片,1,蛇王龍の鉤爪,2,,
ユクモノコテ・地,0,2,6,2,8,99,30,80,0,1,3,1,1,装填速度,3,装填数,1,回復量,2,加護,3,,,蛇王龍の鋼皮,3,凶星の破片,1,蛇王龍の鉤爪,2,,
城塞遊撃隊【手甲】,0,1,6,0,6,99,53,124,0,0,0,0,0,匠,2,剥ぎ取り,4,根性,2,回復量,3,気配,-3,牙竜のコイン,2,狩猟王のコイン,3,凍結袋,4,,
城塞弓撃隊【手甲】,0,2,6,0,6,99,27,79,1,1,1,1,1,剥ぎ取り,4,根性,2,装填数,2,回復量,3,気配,-3,牙竜のコイン,2,狩猟王のコイン,3,凍結袋,4,,
クロオビアーム,0,1,6,0,8,99,55,124,2,2,2,2,2,胴系統倍加,1,,,,,,,,,金獅子の黒毛,2,撃龍王のコイン,3,飛竜のコイン,3,獣竜のコイン,3
クロオビガード,0,2,6,0,8,99,28,80,3,3,3,3,3,胴系統倍加,1,,,,,,,,,金獅子の黒毛,2,撃龍王のコイン,3,飛竜のコイン,3,獣竜のコイン,3
セイラーグラブ,2,1,6,2,8,99,60,127,0,2,0,-2,0,運気,3,広域,4,気配,-3,,,,,希望の証,1,狩猟王のコイン,3,牙竜のコイン,5,獄炎石,8
セイラーカフス,2,2,6,2,8,99,30,80,1,3,1,-1,1,運気,3,広域,3,気配,-3,,,,,希望の証,1,狩猟王のコイン,3,牙竜のコイン,5,獄炎石,8
アークＳアーム,1,1,7,0,7,99,65,128,-4,4,0,3,-6,匠,3,本気,4,火耐性,-3,狂撃耐性,3,,,天廻龍の鋭浄爪,5,天廻龍の上虹翼,2,天廻龍の堅殻,5,天廻龍の虹翼,2
アークＳガード,1,2,7,0,7,99,33,81,-3,5,1,4,-5,本気,4,装填数,3,火耐性,-3,狂撃耐性,3,,,天廻龍の鋭浄爪,5,天廻龍の上虹翼,2,天廻龍の堅殻,5,天廻龍の虹翼,2
フィリアＳアーム,2,1,7,0,7,99,65,128,-4,4,0,3,-6,匠,3,本気,4,火耐性,-3,狂撃耐性,3,,,天廻龍の鋭浄爪,5,天廻龍の上虹翼,2,天廻龍の堅殻,5,天廻龍の虹翼,2
フィリアＳガード,2,2,7,0,7,99,33,81,-3,5,1,4,-5,本気,4,装填数,3,火耐性,-3,狂撃耐性,3,,,天廻龍の鋭浄爪,5,天廻龍の上虹翼,2,天廻龍の堅殻,5,天廻龍の虹翼,2
金色ノ篭手,0,1,7,1,7,99,65,128,2,1,3,-6,2,匠,1,本気,2,闘魂,2,スタミナ,-2,,,金獅子の尖角,1,金獅子の尻尾,2,翼蛇竜の上皮,2,獄炎の龍鱗,2
黒子ノ篭手,0,2,7,1,7,99,33,81,3,2,4,-5,3,装填速度,1,本気,2,闘魂,2,スタミナ,-2,,,金獅子の尖角,1,金獅子の尻尾,2,翼蛇竜の上皮,2,獄炎の龍鱗,2
怒天ノ篭手,0,1,7,0,7,99,81,134,2,1,4,-7,2,匠,1,本気,4,闘魂,3,スタミナ,-2,,,金獅子の怒髪,2,金獅子の闘魂,1,金獅子の尻尾,2,銀火竜の上鱗,2
心滅ノ篭手,0,2,7,0,7,99,41,83,3,2,5,-6,3,装填速度,1,本気,4,闘魂,3,スタミナ,-2,,,金獅子の怒髪,2,金獅子の闘魂,1,金獅子の尻尾,2,銀火竜の上鱗,2
クシャナハトゥー,0,1,7,2,7,99,68,131,-2,2,-5,5,-6,属性解放,2,溜め短縮,2,耐暑,2,毒,-2,,,鋼龍の堅殻,5,鋼龍の尖爪,1,鋼の龍鱗,3,古龍骨,5
クシャナマカーン,0,2,7,2,7,99,34,81,-1,3,-4,6,-5,属性解放,2,溜め短縮,2,耐暑,2,毒,-2,,,鋼龍の堅殻,5,鋼龍の尖爪,1,鋼の龍鱗,3,古龍骨,5
カイザーアーム,0,1,7,2,7,99,68,131,4,-6,1,-2,-2,細菌学,1,剣術,1,匠,2,耐寒,-2,,,炎王龍の堅殻,6,炎龍の尖爪,3,獄炎石,2,古龍の血,3
カイザーガード,0,2,7,2,7,99,34,81,5,-5,2,-1,-1,細菌学,1,装填速度,2,装填数,1,耐寒,-2,,,炎王龍の堅殻,6,炎龍の尖爪,3,獄炎石,2,古龍の血,3
残陽・覇【篭手】,1,1,7,2,7,99,64,127,3,2,-4,3,-4,抜刀会心,2,不動,2,達人,1,底力,-4,,,豪山龍の上紅鱗,6,豪山龍の上腕甲,1,荒々しい龍尖角,2,勇気の証Ｇ,1
東雲・覇【篭手】,1,2,7,2,7,99,32,80,4,3,-3,4,-3,装填速度,-4,速射,2,不動,2,貫通弾強化,2,,,豪山龍の上紅鱗,6,豪山龍の上腕甲,1,荒々しい龍尖角,2,勇気の証Ｇ,1
常磐・覇【篭手】,2,1,7,2,7,99,64,127,3,2,-4,3,-4,抜刀会心,2,不動,2,達人,1,底力,-4,,,豪山龍の上紅鱗,6,豪山龍の上腕甲,1,荒々しい龍尖角,2,勇気の証Ｇ,1
八千代・覇【篭手】,2,2,7,2,7,99,32,80,4,3,-3,4,-3,装填速度,-4,速射,2,不動,2,貫通弾強化,2,,,豪山龍の上紅鱗,6,豪山龍の上腕甲,1,荒々しい龍尖角,2,勇気の証Ｇ,1
リベリオンアーム,0,1,7,0,8,99,69,132,3,3,-2,-2,-3,怒,3,剛撃,1,攻撃,-4,,,,,蛇王龍の尾鱗,4,蛇王龍の扇刃,3,天剣の龍玉,1,銀火竜の堅殻,8
ライオットガード,0,2,7,0,8,99,35,81,4,4,-1,-1,-2,怒,3,剛撃,1,攻撃,-4,,,,,蛇王龍の尾鱗,4,蛇王龍の扇刃,3,天剣の龍玉,1,銀火竜の堅殻,8
アカムトサクンペ,0,1,7,1,7,99,65,128,4,0,-3,2,-5,匠,2,達人,1,聴覚保護,1,斬れ味,-2,,,覇竜の剛爪,5,覇竜の上鱗,4,覇竜の宝玉,1,鎧竜の延髄,2
アカムトノキリペ,0,2,7,1,7,99,33,81,5,1,-2,3,-4,装填速度,-2,達人,1,聴覚保護,1,装填数,2,,,覇竜の剛爪,5,覇竜の上鱗,4,覇竜の宝玉,1,鎧竜の延髄,2
シルバーソルアーム,0,1,7,2,7,10,81,134,2,-7,-4,0,4,痛撃,2,斬れ味,1,火属性攻撃,4,回復量,-3,,,銀火竜の尻尾,1,火竜の延髄,2,火竜の翼爪,4,獄炎石,3
シルバーソルガード,0,2,7,2,7,10,41,83,3,-6,-3,1,5,痛撃,2,貫通弾強化,1,火属性攻撃,4,回復量,-3,,,銀火竜の尻尾,1,火竜の延髄,2,火竜の翼爪,4,獄炎石,3
ゴールドルナアーム,0,1,7,1,7,10,81,134,2,-4,-7,0,4,運気,4,重撃,4,雷耐性,-2,加護,2,,,金火竜の堅殻,5,火竜の翼爪,4,雌火竜の紅玉,1,獄炎石,4
ゴールドルナガード,0,2,7,1,7,10,41,83,3,-3,-6,1,5,運気,4,重撃,4,雷耐性,-2,加護,2,,,金火竜の堅殻,5,火竜の翼爪,4,雌火竜の紅玉,1,獄炎石,4
グリードアーム,0,1,7,0,7,10,64,127,-1,-1,-3,-1,-1,攻撃,3,斬れ味,4,食事,2,腹減り,-2,,,ドス黒い血,4,恐暴竜の黒鱗,6,恐暴竜の宝玉,1,古龍の血,2
グリードガード,0,2,7,0,7,10,32,80,0,0,-2,0,0,反動,4,攻撃,3,食事,3,腹減り,-2,,,ドス黒い血,4,恐暴竜の黒鱗,6,恐暴竜の宝玉,1,古龍の血,2
エクスゼロアーム,0,1,7,1,8,99,81,134,3,-5,2,-3,1,攻撃,5,研ぎ師,-2,食事,4,,,,,大轟竜の鋭牙,3,大轟竜の上鱗,6,大轟竜の尻尾,2,鋼龍の宝玉,1
エクスゼロガード,0,2,7,1,8,99,41,83,4,-4,3,-2,2,反動,-2,攻撃,5,食事,4,,,,,大轟竜の鋭牙,3,大轟竜の上鱗,6,大轟竜の尻尾,2,鋼龍の宝玉,1
ドラゴンクロウ,0,1,7,1,8,99,84,136,-3,2,2,-1,-6,痛撃,3,達人,-2,斬れ味,3,,,,,黒龍の角,2,黒龍の甲殻,2,黒龍の翼膜,3,雌火竜の紅玉,1
ドラゴンフィスト,0,2,7,1,8,99,42,83,-2,3,3,0,-5,痛撃,3,達人,-2,貫通弾強化,3,,,,,黒龍の角,2,黒龍の甲殻,2,黒龍の翼膜,3,雌火竜の紅玉,1
ミラバルクロウ,0,1,7,1,8,10,86,138,2,-1,1,-3,-7,刀匠,1,怒,2,防御,-3,斬れ味,2,,,黒龍の紅角,2,黒龍の紅殻,4,黒龍の紅翼,3,砕竜の宝玉,1
ミラバルフィスト,0,2,7,1,8,10,43,84,3,0,2,-2,-6,射手,1,怒,2,防御,-3,通常弾強化,2,,,黒龍の紅角,2,黒龍の紅殻,4,黒龍の紅翼,3,砕竜の宝玉,1
キリンＵアーム,0,1,7,1,8,10,65,128,-3,-3,-1,6,3,属性耐性,1,運気,-3,氷属性攻撃,4,属性攻撃,3,,,キリンの霜尾,4,キリンの上皮,4,古龍の血,3,黒狼鳥の尻尾,3
キリンＵグローブ,0,2,7,1,8,10,33,81,-2,-2,0,7,4,属性耐性,1,運気,-3,氷属性攻撃,4,属性攻撃,3,,,キリンの霜尾,4,キリンの上皮,4,古龍の血,3,黒狼鳥の尻尾,3
ウカムルサクンペ,0,1,7,0,8,99,67,130,-5,0,-3,4,-2,刀匠,3,達人,-3,底力,1,耐泥耐雪,1,,,崩竜の堅殻,5,崩竜の宝玉,1,穢れた竜鱗,6,,
ウカムルノキリペ,0,2,7,0,8,99,34,81,-4,1,-2,5,-1,射手,3,達人,-3,底力,1,耐泥耐雪,1,,,崩竜の堅殻,5,崩竜の宝玉,1,穢れた竜鱗,6,,
金剛【篭手】,0,1,7,1,8,99,82,136,-2,3,2,2,-2,運気,2,ガード性能,3,火耐性,-2,耐震,2,,,砦蟹の鋏,1,鋼の龍鱗,2,マレコガネ,3,,
不動【篭手】,0,2,7,1,8,99,41,83,0,5,3,3,-1,反動,3,運気,2,火耐性,-2,耐震,2,,,砦蟹の鋏,1,鋼の龍鱗,2,マレコガネ,3,,
夜叉【御手】,0,1,7,1,8,99,68,131,2,2,0,-2,-2,剣術,2,属性耐性,3,底力,-2,加護,2,,,浮岳龍の体液,2,神龍木,1,ノヴァクリスタル,3,,
修羅【御手】,0,2,7,1,8,99,34,81,3,4,2,-1,-1,属性耐性,3,底力,-2,装填数,2,加護,2,,,浮岳龍の体液,2,神龍木,1,ノヴァクリスタル,3,,
エンプレスアーム,0,1,7,2,6,99,68,131,4,-2,1,-6,-2,属性解放,2,達人,1,ガード性能,3,耐寒,-2,,,炎妃龍の堅殻,3,炎妃龍のたてがみ,2,黒轟竜の尖爪,4,獄炎石,2
エンプレスガード,0,2,7,2,6,99,34,81,5,-1,2,-5,-1,属性解放,2,達人,1,ガード強化,3,耐寒,-2,,,炎妃龍の堅殻,3,炎妃龍のたてがみ,2,黒轟竜の尖爪,4,獄炎石,2
ミヅハ【大袖】,0,1,7,2,8,99,69,132,-4,3,0,4,-1,匠,1,聴覚保護,2,風圧,4,耐暑,-2,,,霞龍の上皮,3,アルビノの霜降り,1,古龍骨,6,希望の証,2
トヨタマ【大袖】,0,2,7,2,8,99,35,81,-3,4,1,5,0,聴覚保護,2,装填数,1,風圧,4,耐暑,-2,,,霞龍の上皮,3,アルビノの霜降り,1,古龍骨,6,希望の証,2
ヘリオスアーム,1,1,7,0,8,99,84,136,0,3,-2,1,-5,聴覚保護,1,重撃,3,水属性攻撃,2,加護,-2,,,大海龍の甲皮,2,湾曲した龍角,1,絞蛇竜の延髄,2,,
ヘリオスガード,1,2,7,0,8,99,42,83,1,4,-1,2,-4,聴覚保護,3,重撃,3,水属性攻撃,2,加護,-2,,,大海龍の甲皮,2,湾曲した龍角,1,絞蛇竜の延髄,2,,
セレネアーム,2,1,7,0,8,99,84,136,0,3,-2,1,-5,聴覚保護,1,重撃,3,水属性攻撃,2,加護,-2,,,大海龍の甲皮,2,湾曲した龍角,1,絞蛇竜の延髄,2,,
セレネガード,2,2,7,0,8,99,42,83,1,4,-1,2,-4,聴覚保護,3,重撃,3,水属性攻撃,2,加護,-2,,,大海龍の甲皮,2,湾曲した龍角,1,絞蛇竜の延髄,2,,
エスカドラアムズ,0,1,7,0,8,99,86,138,-3,-2,3,3,-2,本気,3,属性耐性,1,回避距離,1,属性攻撃,3,気絶,-2,煌黒龍の逆鱗,2,煌黒龍の翼膜,2,黒蝕竜の闇玉,1,,
エスカドラアルマ,0,2,7,0,8,99,43,84,-2,-1,4,4,-1,本気,3,属性耐性,1,回避距離,1,属性攻撃,3,気絶,-2,煌黒龍の逆鱗,2,煌黒龍の翼膜,2,黒蝕竜の闇玉,1,,
EXレイアアーム,0,1,7,1,8,10,50,121,3,0,-2,0,-4,頑強,1,匠,3,底力,3,回復量,2,気力回復,-2,希望の証,1,雌火竜の堅殻,5,火竜の翼爪,5,獄炎石,3
EXレイアガード,0,2,7,1,8,10,25,79,4,1,-1,1,-3,頑強,1,底力,3,装填数,3,回復量,2,気力回復,-2,希望の証,1,雌火竜の堅殻,5,火竜の翼爪,5,獄炎石,3
EXレウスアーム,0,1,7,0,8,10,57,126,3,0,-2,0,-4,剛撃,2,匠,3,気力回復,-3,狩人,4,,,希望の証,1,火竜の上鱗,4,火竜の翼爪,5,紅蓮石,3
EXレウスガード,0,2,7,0,8,10,28,80,4,1,-1,1,-3,剛撃,2,装填数,3,気力回復,-3,狩人,4,,,希望の証,1,火竜の上鱗,4,火竜の翼爪,5,紅蓮石,3
EXクシャナハトゥー,0,1,7,2,8,99,82,136,-3,3,-6,6,-7,溜め短縮,2,耐暑,2,毒,-2,,,,,鋼龍チケット,2,鋼龍の堅殻,6,銀火竜の尻尾,3,古龍骨,3
EXクシャナマカーン,0,2,7,2,8,99,41,83,-2,4,-5,7,-6,溜め短縮,2,耐暑,2,毒,-2,,,,,鋼龍チケット,2,鋼龍の堅殻,6,銀火竜の尻尾,3,古龍骨,3
EXカイザーアーム,0,1,7,0,8,99,82,136,5,-7,2,-2,-4,属性解放,1,達人,5,耐寒,-3,,,,,炎王龍チケット,2,炎王龍の尖角,3,蛇王龍の剣鱗,3,古龍骨,3
EXカイザーガード,0,2,7,0,8,99,41,83,6,-6,3,-1,-3,属性解放,1,達人,5,耐寒,-3,,,,,炎王龍チケット,2,炎王龍の尖角,3,蛇王龍の剣鱗,3,古龍骨,3
EXレックスアーム,0,1,7,2,8,99,82,136,3,-1,-5,0,-3,匠,2,聴覚保護,2,研ぎ師,-2,食いしん坊,2,,,探求者の証,2,轟竜の上鱗,6,覇竜の堅殻,6,獄炎石,3
EXレックスガード,0,2,7,2,8,99,41,83,4,0,-4,1,-2,反動,-2,聴覚保護,2,装填数,2,食いしん坊,2,,,探求者の証,2,轟竜の上鱗,6,覇竜の堅殻,6,獄炎石,3
大和【篭手】,1,1,7,2,8,99,67,130,3,1,0,-4,-4,防御,2,達人,2,底力,-2,溜め短縮,2,,,希望の証,1,豪山龍の上紅鱗,6,豪山龍の上腕甲,1,大地の龍玉,1
陸奥【篭手】,1,2,7,2,8,99,34,81,4,2,1,-3,-3,装填速度,-2,反動,3,防御,2,貫通弾強化,2,,,希望の証,1,豪山龍の上紅鱗,6,豪山龍の上腕甲,1,大地の龍玉,1
日向【篭手】,2,1,7,2,8,99,67,130,3,1,0,-4,-4,防御,2,達人,2,底力,-2,溜め短縮,2,,,希望の証,1,豪山龍の上紅鱗,6,豪山龍の上腕甲,1,大地の龍玉,1
天城【篭手】,2,2,7,2,8,99,34,81,4,2,1,-3,-3,装填速度,-2,反動,3,防御,2,貫通弾強化,2,,,希望の証,1,豪山龍の上紅鱗,6,豪山龍の上腕甲,1,大地の龍玉,1
忍の篭手・天,0,1,7,2,8,10,81,134,2,-6,4,-3,2,防御,-2,回避性能,2,属性攻撃,2,,,,,希望の証Ｇ,1,勇気の証Ｇ,1,ノヴァクリスタル,3,大轟竜の上鱗,5
忍の篭手・地,0,2,7,2,8,10,41,83,3,-5,5,-2,3,防御,-2,回避性能,2,属性攻撃,2,,,,,希望の証Ｇ,1,勇気の証Ｇ,1,ノヴァクリスタル,3,大轟竜の上鱗,5
ブルースターアーム,0,1,7,1,1,99,26,116,1,1,1,1,1,闘魂,3,水属性攻撃,3,采配,3,,,,,スタジオパス,1,ギルドチケット,3,火竜の翼爪,6,火竜の鱗,4
ブルースターカフス,0,2,7,1,1,99,13,72,2,2,2,2,2,闘魂,3,水属性攻撃,3,采配,3,,,,,スタジオパス,1,ギルドチケット,3,火竜の翼爪,6,火竜の鱗,4
キャプテンＪグラブ,0,1,7,0,4,99,26,105,-3,-3,-3,-3,-3,剥ぎ取り,3,運気,2,捕獲,2,加護,-3,,,海賊Ｊチケット,1,獄狼竜の尖爪,5,蝕龍蟲,1,ギルドチケットＳ,3
キャプテンＪカフス,0,2,7,0,4,99,13,65,-2,-2,-2,-2,-2,剥ぎ取り,2,運気,2,捕獲,2,加護,-3,,,海賊Ｊチケット,1,獄狼竜の尖爪,5,蝕龍蟲,1,ギルドチケットＳ,3
伝説Ｊグラブ,0,1,7,0,8,99,44,105,-4,-4,-4,-4,-4,胴系統倍加,1,,,,,,,,,伝説Ｊの海賊帽,1,獄炎の龍鱗,5,炎王龍の尖角,2,炎龍の塵粉,2
伝説Ｊカフス,0,2,7,0,8,99,22,65,-3,-3,-3,-3,-3,胴系統倍加,1,,,,,,,,,伝説Ｊの海賊帽,1,獄炎の龍鱗,5,炎王龍の尖角,2,炎龍の塵粉,2
ユニクロウォッチ,0,1,7,2,4,99,44,118,-3,1,0,4,0,聴覚保護,2,回避距離,3,食事,-2,耐寒,2,,,ユニクロチケット,1,黒轟竜の上鱗,2,轟竜の尖爪,1,竜玉,1
ユニクロクロック,0,2,7,2,4,99,22,73,-2,2,1,5,1,聴覚保護,2,回避距離,3,食事,-2,耐寒,2,,,ユニクロチケット,1,黒轟竜の上鱗,2,轟竜の尖爪,1,竜玉,1
スタールークアーム,0,1,7,3,4,99,52,120,0,0,0,0,0,潔癖,2,闘魂,2,乗り,1,,,,,スタジオＧパス,1,金火竜の堅殻,2,蒼火竜の翼,3,ギルドチケットＳ,3
スタールークガード,0,2,7,3,4,99,26,73,1,1,1,1,1,潔癖,2,闘魂,2,乗り,1,,,,,スタジオＧパス,1,金火竜の堅殻,2,蒼火竜の翼,3,ギルドチケットＳ,3
ゾディアスアーム,0,1,7,0,5,99,52,122,1,1,1,1,1,胴系統倍加,1,,,,,,,,,冥天の星くず,2,鋼龍の堅殻,2,翼蛇竜の上皮,3,鋼の龍鱗,4
ゾディアスガード,0,2,7,0,5,99,26,73,2,2,2,2,2,胴系統倍加,1,,,,,,,,,冥天の星くず,2,鋼龍の堅殻,2,翼蛇竜の上皮,3,鋼の龍鱗,4
勇者の腕当て,0,1,7,1,4,99,52,122,2,2,2,2,2,属性解放,3,剥ぎ取り,2,運気,1,気まぐれ,-4,,,トライフォース,1,金獅子の黒毛,4,ギルドチケットＳ,2,雷狼竜の碧玉,1
勇者の手袋,0,2,7,1,4,99,26,73,3,3,3,3,3,属性解放,3,剥ぎ取り,2,運気,1,気まぐれ,-4,,,トライフォース,1,金獅子の黒毛,4,ギルドチケットＳ,2,雷狼竜の碧玉,1
EXキリンＵアーム,0,1,7,2,7,99,1,134,0,0,1,6,3,状態耐性,2,属性解放,3,運気,-3,属性攻撃,2,,,幻獣チケット,1,キリンの上皮,2,立派なクチバシ,2,ギルドチケットＧ,2
EXキリンＵグローブ,0,2,7,2,7,99,1,72,1,1,2,7,4,状態耐性,2,属性解放,3,運気,-3,属性攻撃,2,,,幻獣チケット,1,キリンの上皮,2,立派なクチバシ,2,ギルドチケットＧ,2
EXインゴットアーム,0,1,7,1,5,99,41,116,-2,-2,2,0,0,砲術,3,ガード強化,3,納刀,3,気まぐれ,-3,,,蛇と蛙チケット,1,フルクライト鉱石,14,鬼蛙の堅殻,5,ギルドチケットＳ,2
EXインゴットガード,0,2,7,1,5,99,21,78,-1,-1,3,1,1,反動,3,砲術,3,散弾強化,2,気まぐれ,-3,,,蛇と蛙チケット,1,フルクライト鉱石,14,鬼蛙の堅殻,5,ギルドチケットＳ,2
EXアーティアアーム,0,1,7,1,8,99,52,123,0,-3,-3,2,3,匠,2,抜刀会心,2,研ぎ師,-4,気力回復,4,,,金獅子チケット,1,太古の破片,4,フルクライト鉱石,8,ギルドチケットＧ,1
EXアーティアガード,0,2,7,1,8,99,26,79,1,-2,-2,3,4,属性解放,2,装填速度,-4,装填数,2,精密射撃,4,,,金獅子チケット,1,太古の破片,4,フルクライト鉱石,8,ギルドチケットＧ,1
EXゴアアーム,0,1,7,0,8,99,58,125,-5,3,-3,2,-2,細菌学,3,匠,3,闘魂,4,火耐性,-4,,,黒蝕竜チケット,1,黒蝕竜の上暗翼,6,天廻龍の堅殻,4,ギルドチケットＧ,1
EXゴアガード,0,2,7,0,8,99,29,80,-4,4,-2,3,-1,細菌学,3,闘魂,4,装填数,3,火耐性,-4,,,黒蝕竜チケット,1,黒蝕竜の上暗翼,6,天廻龍の堅殻,4,ギルドチケットＧ,1
EXリベリオンアーム,0,1,7,0,8,99,81,134,3,3,-2,-2,-3,刀匠,2,怒,2,攻撃,-2,狂撃耐性,1,,,蛇王龍チケット,1,蛇王龍の扇刃,4,天剣の龍玉,2,凶星の破片,2
EXライオットガード,0,2,7,0,8,99,41,83,4,4,-1,-1,-2,射手,2,怒,2,攻撃,-2,狂撃耐性,1,,,蛇王龍チケット,1,蛇王龍の扇刃,4,天剣の龍玉,2,凶星の破片,2
団長の腕輪,0,0,6,1,7,99,31,80,2,2,2,2,2,広域,5,指揮,3,,,,,,,※下位村クエ制覇,1,,,,,,
パティシエマンシェ,0,1,7,2,4,99,58,125,4,2,2,2,-5,効果持続,3,火属性攻撃,2,食欲,2,,,,,ユクモチケット,1,千刃竜の尖翼爪,2,真珠色の柔皮,2,高級お食事券,1
パティシエミトン,0,2,7,2,4,99,29,80,5,3,3,3,-4,効果持続,3,火属性攻撃,2,食欲,2,,,,,ユクモチケット,1,千刃竜の尖翼爪,2,真珠色の柔皮,2,高級お食事券,1
クンチュウＸアーム,0,1,8,2,9,99,72,129,3,3,3,3,3,防御,10,雷耐性,-2,,,,,,,盾虫の重殻,5,盾虫の堅殻,4,モンスターの特濃,2,皇帝バッタ,1
クンチュウＸガード,0,2,8,2,9,99,38,84,4,4,4,4,4,防御,10,雷耐性,-2,,,,,,,盾虫の重殻,5,盾虫の堅殻,4,モンスターの特濃,2,皇帝バッタ,1
ブナハＸグローブ,0,1,8,0,9,99,72,129,-5,-1,2,-1,3,攻撃,-2,特殊攻撃,4,納刀,3,麻痺,1,,,飛甲虫の斬羽,2,飛甲虫の堅殻,3,重厚な牙,2,モンスターの濃汁,3
ブナハＸカフス,0,2,8,0,9,99,38,84,-4,0,3,0,4,攻撃,-2,特殊攻撃,4,納刀,3,麻痺,1,,,飛甲虫の斬羽,2,飛甲虫の堅殻,3,重厚な牙,2,モンスターの濃汁,3
リノプロＸアーム,0,1,8,2,9,99,70,127,2,-1,-1,-1,1,砲術,4,KO,2,気絶,-1,耐泥耐雪,3,,,草食竜の重骨,3,堅竜骨,4,大地の結晶,3,,
リノプロＸガード,0,2,8,2,9,99,36,82,3,0,0,0,2,砲術,3,KO,2,気絶,-1,耐泥耐雪,1,,,草食竜の重骨,3,堅竜骨,4,大地の結晶,3,,
イーオスＸアーム,0,1,8,2,9,99,80,135,0,-4,-4,3,3,属性解放,2,特殊攻撃,5,毒,1,気絶,-2,,,イーオスの厚皮,2,イーオスの上鱗,2,獄炎石,1,強靭な鳥竜皮,3
イーオスＸガード,0,2,8,2,9,99,43,88,1,-3,-3,4,4,属性解放,2,特殊攻撃,5,毒,1,気絶,-2,,,イーオスの厚皮,2,イーオスの上鱗,2,獄炎石,1,強靭な鳥竜皮,3
ガレオスＸアーム,0,1,8,1,9,99,74,131,3,0,-2,-3,1,防御,3,千里眼,2,耐暑,1,腹減り,3,気絶,-1,砂竜の厚鱗,5,砂竜の紫鱗,1,砂竜の特上ヒレ,2,カブレライト鉱石,5
ガレオスＸガード,0,2,8,1,9,99,40,86,4,1,-1,-2,2,防御,3,千里眼,2,耐暑,1,腹減り,3,気絶,-1,砂竜の厚鱗,5,砂竜の紫鱗,1,砂竜の特上ヒレ,2,カブレライト鉱石,5
ウルクＸアーム,0,1,8,1,9,99,80,135,-3,2,-1,2,2,回避距離,2,納刀,3,効果持続,4,耐暑,-2,耐寒,3,白兎獣の豪剛毛,3,白兎獣の凍爪,3,白兎獣の堅腹甲,3,肉厚な厚皮,2
ウルクＸガード,0,2,8,1,9,99,43,88,-2,3,0,3,3,回避距離,2,納刀,3,効果持続,3,耐暑,-2,耐寒,3,白兎獣の豪剛毛,3,白兎獣の凍爪,3,白兎獣の堅腹甲,3,肉厚な厚皮,2
ケチャＸアーム,0,1,8,1,9,99,74,131,-5,3,-3,0,3,匠,2,運気,-3,水属性攻撃,3,体術,3,気まぐれ,2,奇猿狐の豪剛毛,3,奇猿狐の剛鉤爪,1,奇猿狐の重長骨,3,盾虫の重殻,2
ケチャＸガード,0,2,8,1,9,99,40,86,-4,4,-2,1,4,運気,-3,装填数,2,水属性攻撃,3,体術,3,気まぐれ,2,奇猿狐の豪剛毛,3,奇猿狐の剛鉤爪,1,奇猿狐の重長骨,3,盾虫の重殻,2
ケチャＺアーム,0,1,8,0,9,99,76,133,3,-5,-2,-3,3,対防御DOWN,1,火属性攻撃,2,水耐性,-3,体術,5,,,白猿狐の豪剛毛,3,白猿狐の剛鉤爪,1,白猿狐の重長骨,3,盾虫の重殻,2
ケチャＺガード,0,2,8,0,9,99,41,87,4,-4,-1,-2,4,対防御DOWN,1,火属性攻撃,1,水耐性,-3,体術,5,,,白猿狐の豪剛毛,3,白猿狐の剛鉤爪,1,白猿狐の重長骨,3,盾虫の重殻,2
コンガＸアーム,0,1,8,1,9,99,74,131,-4,1,1,-1,3,細菌学,2,特殊攻撃,3,食いしん坊,3,腹減り,-3,茸食,1,桃毛獣の豪剛毛,2,鋭利な爪,4,コンガの剛毛,4,皇帝バッタ,2
コンガＸガード,0,2,8,1,9,99,40,86,-3,2,2,0,4,細菌学,2,特殊攻撃,3,食いしん坊,2,腹減り,-3,茸食,1,桃毛獣の豪剛毛,2,鋭利な爪,4,コンガの剛毛,4,皇帝バッタ,2
コンガＺアーム,0,1,8,1,9,99,76,133,1,0,0,-4,3,痛撃,3,底力,3,爆弾強化,2,腹減り,-1,茸食,2,緑毛獣の豪剛毛,2,緑毛獣の剛爪,3,コンガの剛毛,4,鋭利な爪,4
コンガＺガード,0,2,8,1,9,99,41,87,2,1,1,-3,4,痛撃,3,底力,3,爆弾強化,2,腹減り,-1,茸食,2,緑毛獣の豪剛毛,2,緑毛獣の剛爪,3,コンガの剛毛,4,鋭利な爪,4
ゲリョスＸアーム,0,1,8,2,9,99,75,132,-5,2,3,-2,0,属性解放,2,達人,2,腹減り,-2,毒,2,,,ゴム質の特上皮,4,モンスターの特濃,2,ノヴァクリスタル,1,堅牢な鳥竜骨,2
ゲリョスＸガード,0,2,8,2,9,99,40,86,-4,3,4,-1,1,属性解放,2,達人,3,腹減り,-2,毒,2,,,ゴム質の特上皮,4,モンスターの特濃,2,ノヴァクリスタル,1,堅牢な鳥竜骨,2
ゲリョスＺアーム,0,1,8,0,9,99,77,134,-5,2,3,-2,0,達人,-1,気力回復,1,風圧,5,気絶,2,,,ゴム質の紫柔皮,3,毒怪鳥の紫剛翼,2,ノヴァクリスタル,1,劇烈毒袋,2
ゲリョスＺガード,0,2,8,0,9,99,41,87,-4,3,4,-1,1,達人,-1,気力回復,1,風圧,5,気絶,2,,,ゴム質の紫柔皮,3,毒怪鳥の紫剛翼,2,ノヴァクリスタル,1,劇烈毒袋,2
ザザミＸアーム,0,1,8,2,9,99,75,132,-3,3,-4,0,1,防御,2,ガード性能,2,雷耐性,-2,節食,1,,,盾蟹の剛爪,2,盾蟹の重殻,2,鋭利な爪,3,エルトライト鉱石,4
ザザミＸガード,0,2,8,2,9,99,40,86,-2,4,-3,1,2,防御,2,精密射撃,2,雷耐性,-2,節食,1,,,盾蟹の剛爪,2,盾蟹の重殻,2,鋭利な爪,3,エルトライト鉱石,4
ザザミＺアーム,0,1,8,2,9,99,86,137,0,3,-2,-4,1,ガード性能,1,スタミナ,-3,根性,3,体術,1,,,盾蟹の紫爪,2,盾蟹の紫殻,4,堅牢な鳥竜骨,3,ピュアクリスタル,1
ザザミＺガード,0,2,8,2,9,99,46,89,1,6,-1,-2,2,反動,1,根性,3,装填数,-3,貫通弾強化,1,,,盾蟹の紫爪,2,盾蟹の紫殻,4,堅牢な鳥竜骨,3,ピュアクリスタル,1
カブラＸアーム,0,1,8,2,9,99,78,135,3,-5,-4,0,2,防御,3,採取,-2,体力,2,研ぎ師,2,減気攻撃,2,鬼蛙の剛爪,2,鬼蛙の重殻,4,鬼蛙の厚鱗,2,皇帝バッタ,5
カブラＸガード,0,2,8,2,9,99,42,88,4,-4,-3,1,3,装填速度,2,防御,3,採取,-2,体力,2,減気攻撃,2,鬼蛙の剛爪,2,鬼蛙の重殻,4,鬼蛙の厚鱗,2,皇帝バッタ,5
カブラＺアーム,0,1,8,1,9,99,80,137,3,0,-4,-5,2,聴覚保護,3,ガード強化,3,研ぎ師,-2,爆弾強化,1,,,荒鬼蛙の剛爪,2,荒鬼蛙の重殻,4,荒鬼蛙の厚鱗,2,皇帝バッタ,5
カブラＺガード,0,2,8,1,9,99,43,89,4,1,-3,-4,3,装填速度,-2,聴覚保護,3,ガード強化,3,爆弾強化,1,,,荒鬼蛙の剛爪,2,荒鬼蛙の重殻,4,荒鬼蛙の厚鱗,2,皇帝バッタ,5
スキュラＸアーム,0,1,8,1,9,99,82,135,-3,3,-3,2,3,達人,4,観察眼,1,腹減り,-2,特殊会心,3,,,影蜘蛛の剛爪,4,影蜘蛛の重殻,2,重厚な骨,1,盾虫の重殻,3
スキュラＸガード,0,2,8,1,9,99,44,88,-2,4,-2,3,4,達人,4,観察眼,1,腹減り,-2,特殊会心,3,,,影蜘蛛の剛爪,4,影蜘蛛の重殻,2,重厚な骨,1,盾虫の重殻,3
ザボアＸアーム,0,1,8,2,9,99,84,135,-4,3,-5,3,0,氷属性攻撃,4,食事,2,腹減り,-3,,,,,化け鮫の厚皮,4,化け鮫の厚鱗,2,カワズの大殿油,1,肉厚な厚皮,2
ザボアＸガード,0,2,8,2,9,99,45,88,-3,4,-4,4,1,氷属性攻撃,4,食事,2,腹減り,-3,,,,,化け鮫の厚皮,4,化け鮫の厚鱗,2,カワズの大殿油,1,肉厚な厚皮,2
ザボアＺアーム,0,1,8,2,9,99,86,137,2,3,-4,-5,0,属性解放,2,気力回復,1,回復速度,2,耐震,3,裂傷,-2,虎鮫の厚皮,4,虎鮫の厚鱗,2,カワズの大殿油,3,肉厚な厚皮,2
ザボアＺガード,0,2,8,2,9,99,46,89,3,4,-3,-4,1,属性解放,2,気力回復,1,回復速度,2,耐震,3,裂傷,-2,虎鮫の厚皮,4,虎鮫の厚鱗,2,カワズの大殿油,3,肉厚な厚皮,2
ガララＸアーム,0,1,8,0,9,99,86,137,3,-3,0,-5,3,痛撃,3,捕獲,3,聴覚保護,4,気まぐれ,-3,麻痺,3,絞蛇竜の重殻,5,絞蛇竜の堅殻,6,絞蛇竜の延髄,2,堅牢な鳥竜骨,3
ガララＸガード,0,2,8,0,9,99,46,89,4,-2,1,-4,4,痛撃,3,捕獲,3,聴覚保護,3,気まぐれ,-3,麻痺,3,絞蛇竜の重殻,5,絞蛇竜の堅殻,6,絞蛇竜の延髄,2,堅牢な鳥竜骨,3
ガララＺアーム,0,1,8,1,9,99,88,139,-5,3,-3,4,3,抜刀減気,2,研ぎ師,4,水属性攻撃,5,気力回復,-2,,,水蛇竜の重殻,5,水蛇竜の撥水甲,4,水蛇竜の厚皮,2,堅牢な鳥竜骨,3
ガララＺガード,0,2,8,1,9,99,47,90,-4,4,-2,5,4,装填速度,4,速射,2,水属性攻撃,5,気力回復,-2,,,水蛇竜の重殻,5,水蛇竜の撥水甲,4,水蛇竜の厚皮,2,堅牢な鳥竜骨,3
フルフルＸアーム,0,1,8,1,9,99,84,135,-5,1,1,2,1,雷属性攻撃,3,広域,4,回復速度,2,気絶,-1,,,真珠色の艶皮,2,エルトライト鉱石,2,肉厚な厚皮,5,堅竜骨,2
フルフルＸガード,0,2,8,1,9,99,45,88,-4,2,2,3,2,雷属性攻撃,3,広域,4,回復速度,2,気絶,-1,,,真珠色の艶皮,2,エルトライト鉱石,2,肉厚な厚皮,5,堅竜骨,2
フルフルＺアーム,0,1,8,2,9,99,86,137,1,-5,1,2,1,一心,2,回復量,1,広域,3,回復速度,-2,節食,1,魅惑色の艶皮,3,特撰アルビノ,1,エルトライト鉱石,2,ノヴァクリスタル,2
フルフルＺガード,0,2,8,2,9,99,46,89,2,-4,2,3,2,一心,2,回復量,1,広域,3,回復速度,-2,節食,1,魅惑色の艶皮,3,特撰アルビノ,1,エルトライト鉱石,2,ノヴァクリスタル,2
レイアＸアーム,0,1,8,1,9,99,84,135,3,0,-2,0,-4,体力,3,火属性攻撃,6,回復量,2,回復速度,-1,,,雌火竜の重殻,4,火竜の剛翼爪,3,雌火竜の上棘,2,獄炎石,3
レイアＸガード,0,2,8,1,9,99,45,88,4,1,-1,1,-3,体力,3,火属性攻撃,6,回復量,1,回復速度,-1,,,雌火竜の重殻,4,火竜の剛翼爪,3,雌火竜の上棘,2,獄炎石,3
リオハートＺアーム,0,1,8,1,9,99,86,137,3,0,-2,0,-4,底力,1,回避距離,3,火属性攻撃,5,風圧,2,気配,-1,桜火竜の重殻,2,桜火竜の厚鱗,4,重竜骨,3,雌火竜の紅玉,1
リオハートＺガード,0,2,8,1,9,99,46,89,4,1,-1,1,-3,底力,1,回避距離,3,火属性攻撃,5,風圧,2,気配,-1,桜火竜の重殻,2,桜火竜の厚鱗,4,重竜骨,3,雌火竜の紅玉,1
ランポスＸアーム,0,1,8,2,9,99,74,131,0,0,0,-5,3,攻撃,4,千里眼,2,麻痺,-1,気絶,1,,,ランポスの剛爪,2,鳴き袋,4,堅牢な鳥竜骨,4,星石の結晶,2
ランポスＸガード,0,2,8,2,9,99,40,86,1,1,1,-4,4,攻撃,4,千里眼,2,麻痺,-1,気絶,1,,,ランポスの剛爪,2,鳴き袋,4,堅牢な鳥竜骨,4,星石の結晶,2
クックＸアーム,0,1,8,2,9,99,74,131,3,0,-2,-4,2,攻撃,4,火耐性,1,水耐性,-3,肉食,2,,,怪鳥の厚鱗,3,怪鳥の重殻,2,怪鳥の剛翼,2,,
クックＸガード,0,2,8,2,9,99,40,86,4,1,-1,-3,3,攻撃,4,火耐性,1,水耐性,-3,肉食,2,,,怪鳥の厚鱗,3,怪鳥の重殻,2,怪鳥の剛翼,2,,
クックＺアーム,0,1,8,2,9,99,76,133,3,-4,-3,0,2,達人,4,聴覚保護,-1,スタミナ,2,火属性攻撃,1,,,青怪鳥の厚鱗,3,青怪鳥の重殻,2,堅牢な鳥竜骨,3,重厚な骨,3
クックＺガード,0,2,8,2,9,99,41,87,4,-3,-2,1,3,達人,4,聴覚保護,-1,スタミナ,2,火属性攻撃,1,,,青怪鳥の厚鱗,3,青怪鳥の重殻,2,堅牢な鳥竜骨,3,重厚な骨,3
バサルＸアーム,0,1,8,2,9,99,86,137,-1,-2,1,1,-3,抜刀減気,4,納刀,3,食事,3,腹減り,-2,耐泥耐雪,1,岩竜の重殻,3,ユニオン鉱石,5,劇烈毒袋,3,エルトライト鉱石,6
バサルＸガード,0,2,8,2,9,99,46,89,0,-1,2,2,-2,納刀,3,減気攻撃,4,食事,3,腹減り,-2,耐泥耐雪,1,岩竜の重殻,3,ユニオン鉱石,5,劇烈毒袋,3,エルトライト鉱石,6
バサルＺアーム,0,1,8,2,9,99,88,139,0,-2,0,-3,1,ガード性能,3,重撃,3,耐暑,3,毒,2,麻痺,-2,桃岩竜の重殻,3,桃岩竜の剛翼,1,劇烈毒袋,3,エルトライト鉱石,5
バサルＺガード,0,2,8,2,9,99,47,90,1,-1,1,-2,2,重撃,3,通常弾強化,2,耐暑,3,毒,2,麻痺,-2,桃岩竜の重殻,3,桃岩竜の剛翼,1,劇烈毒袋,3,エルトライト鉱石,5
ペッコＸアーム,0,1,8,1,9,99,75,132,2,-1,0,-3,0,効果持続,4,観察眼,3,広域,3,笛,1,,,彩鳥の厚鱗,1,徹甲虫の斬羽,1,ランポスの剛爪,2,極上の毛皮,1
ペッコＸガード,0,2,8,1,9,99,40,86,3,0,1,-2,1,効果持続,4,観察眼,3,広域,4,笛,1,,,彩鳥の厚鱗,1,徹甲虫の斬羽,1,ランポスの剛爪,2,極上の毛皮,1
ボロスＸアーム,0,1,8,1,9,99,85,136,-4,4,1,-2,0,攻撃,4,ガード性能,2,ガード強化,1,体術,1,腹減り,-2,土砂竜の重殻,2,草食竜の重骨,3,堅竜骨,4,,
ボロスＸガード,0,2,8,1,9,99,45,88,-3,5,2,-1,1,攻撃,4,ガード強化,1,精密射撃,5,体術,1,腹減り,-2,土砂竜の重殻,2,草食竜の重骨,3,堅竜骨,4,,
ガブルＸアーム,0,1,8,1,9,99,85,136,-2,3,-4,0,1,達人,5,回避距離,3,食事,3,回復速度,-2,,,灯魚竜の厚皮,1,化け鮫の剛刃尾,1,化け鮫の上鱗,3,堅竜骨,5
ガブルＸガード,0,2,8,1,9,99,45,88,-1,4,-3,1,2,達人,5,回避距離,3,食事,3,回復速度,-2,,,灯魚竜の厚皮,1,化け鮫の剛刃尾,1,化け鮫の上鱗,3,堅竜骨,5
ハプルＸアーム,0,1,8,1,9,99,85,136,2,0,-2,-4,1,属性解放,1,抜刀減気,2,納刀,3,雷属性攻撃,-2,食事,3,光り輝く体液,2,重厚な骨,2,モンスターの特濃,2,,
ハプルＸガード,0,2,8,1,9,99,45,88,3,1,-1,-3,2,装填速度,3,納刀,3,貫通弾強化,2,雷属性攻撃,-2,,,光り輝く体液,2,重厚な骨,2,モンスターの特濃,2,,
ベリオＸアーム,0,1,8,1,9,99,87,138,-5,0,-1,3,0,回避性能,3,氷属性攻撃,4,体術,2,気力回復,-2,,,琥珀色の重牙,2,白兎獣の豪剛毛,4,白兎獣の堅腹甲,5,,
ベリオＸガード,0,2,8,1,9,99,47,90,-4,1,0,4,1,回避性能,2,氷属性攻撃,5,体術,2,気力回復,-2,,,琥珀色の重牙,2,白兎獣の豪剛毛,4,白兎獣の堅腹甲,5,,
アグナＸアーム,0,1,8,3,9,99,88,139,3,-5,0,-1,0,斬れ味,2,ガード性能,3,底力,-2,火属性攻撃,2,,,炎戈竜の重殻,4,荒鬼蛙の剛爪,2,獄炎石,4,,
アグナＸガード,0,2,8,3,9,99,47,90,4,-4,1,0,1,底力,-2,通常弾強化,2,精密射撃,3,火属性攻撃,2,,,炎戈竜の重殻,4,荒鬼蛙の剛爪,2,獄炎石,4,,
ガノスＺアーム,0,1,8,1,9,99,80,135,-4,4,-4,2,0,捕獲,3,スタミナ,2,耐暑,2,高速設置,3,,,翠水竜の厚鱗,2,肉厚な厚皮,2,カワズの大殿油,2,,
ガノスＺガード,0,2,8,1,9,99,43,88,-2,6,-2,3,1,捕獲,3,スタミナ,2,耐暑,2,高速設置,3,,,翠水竜の厚鱗,2,肉厚な厚皮,2,カワズの大殿油,2,,
ホクシン【袖】,0,1,8,2,9,99,84,135,-2,4,-2,3,2,体力,4,水属性攻撃,4,北辰納豆流,2,,,,,交易船チケット,1,絞蛇竜の厚皮,3,極彩色のトサカ,1,,
カイエン【袖】,0,2,8,2,9,99,45,88,-1,5,-1,4,3,体力,4,水属性攻撃,4,北辰納豆流,2,,,,,交易船チケット,1,絞蛇竜の厚皮,3,極彩色のトサカ,1,,
オウビートＸマーノ,1,1,8,2,9,99,72,129,3,-5,3,-4,2,採取,3,回避性能,3,特殊攻撃,2,耐寒,-2,,,ドスツノアゲハ,1,皇帝バッタ,3,強力麻痺袋,3,,
オウビートＸブラッソ,1,2,8,2,9,99,38,84,4,-4,5,-3,2,採取,3,回避性能,3,特殊攻撃,2,耐寒,-2,,,ドスツノアゲハ,1,皇帝バッタ,3,強力麻痺袋,3,,
パピメルＸマーノ,2,1,8,2,9,99,72,129,3,-5,3,-4,2,採取,3,回避性能,3,特殊攻撃,2,耐寒,-2,,,ドスツノアゲハ,1,皇帝バッタ,3,強力麻痺袋,3,,
パピメルＸブラッソ,2,2,8,2,9,99,38,84,4,-4,5,-3,2,採取,3,回避性能,3,特殊攻撃,2,耐寒,-2,,,ドスツノアゲハ,1,皇帝バッタ,3,強力麻痺袋,3,,
ロワーガＸマーノ,1,1,8,1,10,99,92,141,-4,0,3,-1,1,属性解放,1,聴覚保護,1,龍属性攻撃,4,加護,-3,,,ドスクワアゲハ,1,コスモライト鉱石,2,落陽草の花,3,にが虫,15
ロワーガＸブラッソ,1,2,8,1,10,99,50,91,-3,1,4,0,2,属性解放,1,聴覚保護,1,龍属性攻撃,4,加護,-3,,,ドスクワアゲハ,1,コスモライト鉱石,2,落陽草の花,3,にが虫,15
ファルメルＸマーノ,2,1,8,1,10,99,92,141,-4,0,3,-1,1,属性解放,1,聴覚保護,1,龍属性攻撃,4,加護,-3,,,ドスクワアゲハ,1,コスモライト鉱石,2,落陽草の花,3,にが虫,15
ファルメルＸブラッソ,2,2,8,1,10,99,50,91,-3,1,4,0,2,属性解放,1,聴覚保護,1,龍属性攻撃,4,加護,-3,,,ドスクワアゲハ,1,コスモライト鉱石,2,落陽草の花,3,にが虫,15
ガーディアンＸアーム,1,1,8,1,9,99,80,135,0,0,0,0,0,採取,-2,砲術,4,千里眼,5,加護,2,,,エルトライト鉱石,2,クロオビコインＧ,3,ガマのコインＧ,3,,
ガーディアンＸガード,1,2,8,1,9,99,43,88,1,1,1,1,1,採取,-2,千里眼,5,広域,3,加護,2,,,エルトライト鉱石,2,クロオビコインＧ,3,ガマのコインＧ,3,,
ヘルパーＸカフス,2,1,8,1,9,99,80,135,0,0,0,0,0,採取,-2,砲術,4,千里眼,5,加護,2,,,エルトライト鉱石,2,クロオビコインＧ,3,ガマのコインＧ,3,,
ヒーラーＸカフス,2,2,8,1,9,99,43,88,1,1,1,1,1,採取,-2,千里眼,5,広域,3,加護,2,,,エルトライト鉱石,2,クロオビコインＧ,3,ガマのコインＧ,3,,
レギオスＸアーム,0,1,9,1,10,99,92,145,3,0,-3,-2,0,研ぎ師,-4,体術,4,裂傷,1,斬術,4,,,千刃竜の閃裂爪,5,千刃竜の斬翼爪,4,千刃竜の破刃,3,ピュアクリスタル,2
レギオスＸガード,0,2,9,0,10,99,50,94,4,1,-2,-1,1,装填速度,-3,反動,4,通常弾強化,3,体術,4,裂傷,3,千刃竜の閃裂爪,5,千刃竜の斬翼爪,4,千刃竜の破刃,3,ピュアクリスタル,2
スキュラＺアーム,0,1,9,0,10,99,92,141,-1,3,0,-3,3,剥ぎ取り,3,達人,3,体力,-4,回避距離,3,特殊会心,1,骸蜘蛛の剛爪,4,骸蜘蛛の重殻,2,重厚な骨,1,盾虫の重殻,3
スキュラＺガード,0,2,9,0,10,99,50,91,0,4,1,-2,4,剥ぎ取り,3,達人,3,体力,-4,回避距離,3,特殊会心,1,骸蜘蛛の剛爪,4,骸蜘蛛の重殻,2,重厚な骨,1,盾虫の重殻,3
レウスＸアーム,0,1,9,2,10,99,92,141,3,0,-2,0,-4,攻撃,5,火属性攻撃,3,回復量,-2,,,,,火竜の厚鱗,4,火竜の剛翼爪,2,火竜の靭尾,1,真紅蓮石,2
レウスＸガード,0,2,9,2,10,99,50,91,4,1,-1,1,-3,攻撃,4,火属性攻撃,4,回復量,-2,,,,,火竜の厚鱗,4,火竜の剛翼爪,2,火竜の靭尾,1,真紅蓮石,2
リオソウルＺアーム,0,1,9,1,10,99,94,143,3,0,0,-2,-4,達人,6,体力,-2,聴覚保護,1,斬れ味,2,属性会心,2,蒼火竜の重殻,2,蒼火竜の靭尾,3,重竜骨,3,エルトライト鉱石,3
リオソウルＺガード,0,2,9,1,10,99,51,92,4,1,1,-1,-3,達人,6,体力,-2,聴覚保護,2,通常弾強化,2,属性会心,1,蒼火竜の重殻,2,蒼火竜の靭尾,3,重竜骨,3,エルトライト鉱石,3
レックスＸアーム,0,1,9,2,10,99,96,143,2,-1,-4,0,-2,匠,2,攻撃,2,研ぎ師,-2,千里眼,3,食いしん坊,3,轟竜の重牙,3,轟竜の厚鱗,6,重竜骨,2,強靭な鳥竜皮,5
レックスＸガード,0,2,9,2,10,99,52,92,3,0,-3,1,-1,反動,-2,攻撃,2,装填数,2,千里眼,3,食いしん坊,3,轟竜の重牙,3,轟竜の厚鱗,6,重竜骨,2,強靭な鳥竜皮,5
レックスＺアーム,0,1,9,1,10,99,97,144,2,-4,-2,0,-1,闘魂,1,聴覚保護,3,研ぎ師,-1,観察眼,2,食事,4,黒轟竜の重牙,3,黒轟竜の厚鱗,5,重竜骨,3,堅牢な鳥竜骨,10
レックスＺガード,0,2,9,1,10,99,54,94,3,-3,-1,1,0,反動,-1,闘魂,1,聴覚保護,2,観察眼,2,食事,4,黒轟竜の重牙,3,黒轟竜の厚鱗,5,重竜骨,3,堅牢な鳥竜骨,10
ジンオウＸアーム,0,1,9,0,10,99,90,139,0,-2,3,-4,1,剣術,3,本気,5,斬れ味,3,雷属性攻撃,4,気配,-2,雷狼竜の剛爪,5,雷狼竜の雷電殻,4,雷狼竜の高電毛,3,徹甲虫の重殻,6
ジンオウＸガード,0,2,9,0,10,99,49,90,1,-1,4,-3,2,装填速度,3,本気,4,装填数,2,雷属性攻撃,4,気配,-2,雷狼竜の剛爪,5,雷狼竜の雷電殻,4,雷狼竜の高電毛,3,徹甲虫の重殻,6
ジンオウＺアーム,0,1,9,1,10,99,94,143,0,-4,-5,0,4,回避性能,2,溜め短縮,1,無傷,3,龍属性攻撃,4,回復量,-2,獄狼竜の剛爪,5,獄狼竜の滅龍殻,4,獄狼竜の滅龍毛,3,ピュアクリスタル,2
ジンオウＺガード,0,2,9,1,10,99,51,92,1,-3,-4,1,5,回避性能,2,無傷,3,装填数,1,龍属性攻撃,4,回復量,-2,獄狼竜の剛爪,5,獄狼竜の滅龍殻,4,獄狼竜の滅龍毛,3,ピュアクリスタル,2
セルタスＸアーム,0,1,9,2,10,99,96,143,-4,3,-1,-3,3,匠,2,砲術,3,斬れ味,1,気力回復,-2,,,重甲虫の重殻,6,重甲虫の剛爪,2,重甲虫の重胸殻,5,モンスターの特濃,6
セルタスＸガード,0,2,9,2,10,99,52,92,-3,4,0,-2,4,装填速度,4,砲術,3,榴弾追加,2,気力回復,-2,,,重甲虫の重殻,6,重甲虫の剛爪,2,重甲虫の重胸殻,5,モンスターの特濃,6
セルタスＺアーム,0,1,9,2,10,99,97,144,3,-1,-3,-4,3,砲術,1,斬れ味,-3,重撃,4,装填数,2,気力回復,1,砲甲虫の重殻,6,砲甲虫の剛爪,2,砲甲虫の重胸殻,5,モンスターの特濃,6
セルタスＺガード,0,2,9,2,10,99,54,94,4,0,-2,-3,4,砲術,1,重撃,4,散弾強化,2,榴弾追加,3,精密射撃,-3,砲甲虫の重殻,6,砲甲虫の剛爪,2,砲甲虫の重胸殻,5,モンスターの特濃,6
グラビドＸアーム,0,1,9,2,10,99,96,143,3,-4,0,2,-3,匠,1,防御,2,ガード性能,4,スタミナ,-1,,,鎧竜の重殻,2,鎧竜の重頭殻,1,重竜骨,1,真紅蓮石,1
グラビドＸガード,0,2,9,2,10,99,52,92,4,-3,1,3,-2,反動,4,防御,2,スタミナ,-1,装填数,1,,,鎧竜の重殻,2,鎧竜の重頭殻,1,重竜骨,1,真紅蓮石,1
グラビドＺアーム,0,1,9,2,10,99,97,144,3,-5,1,1,1,頑強,1,ガード強化,2,スタミナ,-2,納刀,3,,,黒鎧竜の重殻,2,鎧竜の剛翼,2,重竜骨,3,業炎袋,3
グラビドＺガード,0,2,9,2,10,99,54,94,4,-4,2,2,2,頑強,1,ガード強化,2,スタミナ,-2,納刀,3,,,黒鎧竜の重殻,2,鎧竜の剛翼,2,重竜骨,3,業炎袋,3
ディアブロＸアーム,0,1,9,1,10,99,96,143,2,0,0,-4,0,抜刀会心,3,研ぎ師,-2,納刀,3,気力回復,3,耐震,3,角竜の重殻,6,角竜の重甲,5,重竜骨,3,重厚な牙,3
ディアブロＸガード,0,2,9,1,10,99,53,93,3,1,1,-3,1,納刀,5,貫通弾強化,4,精密射撃,-2,気力回復,3,,,角竜の重殻,6,角竜の重甲,5,重竜骨,3,重厚な牙,3
ディアブロＺアーム,0,1,9,2,10,99,98,145,4,0,0,-6,0,痛撃,3,攻撃,3,減気攻撃,3,KO,1,龍属性攻撃,-2,堅牢な黒巻き角,3,黒角竜の重甲,3,黒角竜の重殻,4,幻鳥竜玉,1
ディアブロＺガード,0,2,9,2,10,99,54,94,5,1,1,-5,1,装填速度,3,反動,1,痛撃,3,通常弾強化,3,龍属性攻撃,-2,堅牢な黒巻き角,3,黒角竜の重甲,3,黒角竜の重殻,4,幻鳥竜玉,1
ブラキＸアーム,0,1,9,1,10,99,96,143,3,-4,0,-2,0,抜刀会心,3,闘魂,3,回避性能,-2,底力,4,爆弾強化,3,砕竜の重黒曜甲,3,砕竜の剛鉄拳,1,光る粘菌,3,砕竜の天殻,1
ブラキＸガード,0,2,9,1,10,99,53,93,4,-3,1,-1,1,速射,3,闘魂,3,回避性能,-2,底力,4,爆弾強化,3,砕竜の重黒曜甲,3,砕竜の剛鉄拳,1,光る粘菌,3,砕竜の天殻,1
バンギスＸアーム,0,1,9,1,11,99,106,148,0,0,-4,1,-4,攻撃,4,斬れ味,4,食事,3,腹減り,-2,,,恐暴竜の厚黒鱗,6,恐暴竜の重牙,5,太古龍骨,3,砕竜の宝玉,1
バンギスＸガード,0,2,9,1,11,99,60,96,1,1,-3,2,-3,反動,3,攻撃,5,食事,3,腹減り,-2,,,恐暴竜の厚黒鱗,6,恐暴竜の重牙,5,太古龍骨,3,砕竜の宝玉,1
ケイオスアーム,1,1,9,3,11,99,106,148,-5,4,-3,2,-5,属性解放,1,剣術,4,運気,-2,重撃,1,,,渾沌の竜鱗,3,天廻龍の剛浄爪,3,黒蝕竜の剛惨爪,3,背反する双逆鱗,1
ケイオスガード,1,2,9,3,11,99,60,96,-4,5,-2,3,-4,装填速度,1,反動,4,運気,-2,重撃,1,,,渾沌の竜鱗,3,天廻龍の剛浄爪,3,黒蝕竜の剛惨爪,3,背反する双逆鱗,1
ネフィリムアーム,2,1,9,3,11,99,106,148,-5,4,-3,2,-5,属性解放,1,剣術,4,運気,-2,重撃,1,,,渾沌の竜鱗,3,天廻龍の剛浄爪,3,黒蝕竜の剛惨爪,3,背反する双逆鱗,1
ネフィリムガード,2,2,9,3,11,99,60,96,-4,5,-2,3,-4,装填速度,1,反動,4,運気,-2,重撃,1,,,渾沌の竜鱗,3,天廻龍の剛浄爪,3,黒蝕竜の剛惨爪,3,背反する双逆鱗,1
ガルルガＸアーム,0,1,9,2,10,99,95,142,3,-4,3,-4,1,剣術,-1,達人,2,聴覚保護,3,斬れ味,2,納刀,3,黒狼鳥の厚鱗,5,黒狼鳥の重殻,3,黒狼鳥の靭尾,1,重竜骨,2
ガルルガＸガード,0,2,9,2,10,99,52,92,4,-3,4,-3,2,反動,3,達人,2,聴覚保護,3,スタミナ,-1,貫通弾強化,2,黒狼鳥の厚鱗,5,黒狼鳥の重殻,3,黒狼鳥の靭尾,1,重竜骨,2
モノブロＸアーム,0,1,9,2,10,99,96,143,0,2,-3,-4,2,属性解放,2,達人,5,底力,2,千里眼,2,加護,-2,一角竜の重殻,5,堅牢な真紅の角,2,一角竜の重甲,3,重竜骨,3
モノブロＸガード,0,2,9,2,10,99,52,92,1,3,-2,-3,3,属性解放,2,達人,5,底力,1,千里眼,2,加護,-2,一角竜の重殻,5,堅牢な真紅の角,2,一角竜の重甲,3,重竜骨,3
モノデビルアーム,0,1,9,1,10,99,100,145,0,2,-3,-4,2,匠,2,達人,2,底力,5,体術,3,加護,-2,白一角竜の重甲,2,白一角竜の重殻,5,堅牢な白銀の角,2,重竜骨,3
モノデビルガード,0,2,9,1,10,99,55,94,1,3,-2,-3,3,達人,2,底力,5,装填数,2,体術,3,加護,-2,白一角竜の重甲,2,白一角竜の重殻,5,堅牢な白銀の角,2,重竜骨,3
ゴアＸアーム,0,1,9,0,10,99,95,142,-5,3,-3,2,-2,細菌学,4,匠,3,闘魂,4,属性攻撃,1,火耐性,-4,黒蝕竜の重殻,5,黒蝕竜の剛惨爪,5,黒蝕竜の上暗翼,2,黒蝕竜の天鱗,1
ゴアＸガード,0,2,9,0,10,99,52,92,-4,4,-2,3,-1,細菌学,4,闘魂,3,装填数,3,属性攻撃,1,火耐性,-5,黒蝕竜の重殻,5,黒蝕竜の剛惨爪,5,黒蝕竜の上暗翼,2,黒蝕竜の天鱗,1
ナルガＸアーム,0,1,9,2,10,99,91,140,-2,1,-4,1,1,痛撃,2,回避性能,4,スタミナ,-2,回避距離,1,気配,2,迅竜の剛刃翼,3,重竜骨,5,特撰アルビノ,1,,
ナルガＸガード,0,2,9,2,10,99,50,91,-1,2,-3,2,2,痛撃,2,回避性能,4,スタミナ,-2,回避距離,1,気配,2,迅竜の剛刃翼,3,重竜骨,5,特撰アルビノ,1,,
ラギアＸアーム,0,1,9,1,10,99,93,142,-5,1,3,-1,-1,属性解放,3,痛撃,3,特殊攻撃,-2,溜め短縮,3,加護,3,海竜の厚鱗,2,海竜の雷電殻,1,水蛇竜の厚皮,3,水蛇竜の重殻,3
ラギアＸガード,0,2,9,1,10,99,51,92,-4,2,4,0,0,属性解放,3,痛撃,3,特殊攻撃,-2,溜め短縮,3,加護,3,海竜の厚鱗,2,海竜の雷電殻,1,水蛇竜の厚皮,3,水蛇竜の重殻,3
ドボルＸアーム,0,1,9,1,10,99,96,143,-4,2,1,-2,1,抜刀減気,4,攻撃,3,達人,-2,減気攻撃,3,逆境,3,尾槌竜の重殻,4,重竜骨,3,草食竜の重骨,3,,
ドボルＸガード,0,2,9,2,10,99,52,92,-3,3,2,-1,2,攻撃,3,達人,-2,溜め短縮,3,減気攻撃,3,逆境,3,尾槌竜の重殻,4,重竜骨,3,草食竜の重骨,3,,
ラヴァＸアーム,0,1,9,0,10,99,98,145,2,-3,0,0,1,盾持,3,回復速度,4,気配,-2,燃鱗,2,,,溶岩竜の厚鱗,3,重竜骨,3,コスモライト鉱石,2,,
ラヴァＸガード,0,2,9,0,10,99,54,94,3,-2,1,1,2,盾持,3,回復速度,4,気配,-2,燃鱗,2,,,溶岩竜の厚鱗,3,重竜骨,3,コスモライト鉱石,2,,
アーティアＸアーム,0,1,9,2,10,99,92,141,0,-3,-3,2,3,属性解放,4,抜刀会心,2,ガード強化,3,気力回復,1,,,歪んだ破片,6,コスモライト鉱石,2,太古の破片,2,星石の結晶,10
アーティアＸガード,0,2,9,2,10,99,50,91,1,-2,-2,3,4,反動,4,速射,3,痛撃,4,,,,,歪んだ破片,6,コスモライト鉱石,2,太古の破片,2,星石の結晶,10
ホークＸアーム,1,1,9,2,11,99,106,148,2,-1,1,0,2,採取,3,納刀,1,狩人,3,指揮,2,腹減り,-3,旅団チケットＧ,1,ドスツノアゲハ,4,翠水竜の厚鱗,5,星石の結晶,2
ホークＸガード,1,2,9,2,11,99,60,96,3,0,2,1,3,採取,3,納刀,1,狩人,3,指揮,2,腹減り,-3,旅団チケットＧ,1,ドスツノアゲハ,4,翠水竜の厚鱗,5,星石の結晶,2
エコールＸアーム,2,1,9,2,11,99,106,148,2,-1,1,0,2,採取,3,納刀,1,狩人,3,指揮,2,腹減り,-3,旅団チケットＧ,1,ドスツノアゲハ,4,翠水竜の厚鱗,5,星石の結晶,2
エコールＸガード,2,2,9,2,11,99,60,96,3,0,2,1,3,採取,3,納刀,1,狩人,3,指揮,2,腹減り,-3,旅団チケットＧ,1,ドスツノアゲハ,4,翠水竜の厚鱗,5,星石の結晶,2
エースアーム,1,1,9,3,10,99,92,141,3,0,0,0,2,潔癖,1,斬れ味,3,裂傷,-1,,,,,筆頭チケット,2,雌火竜の逆鱗,1,骸蜘蛛の剛爪,2,古龍の血,2
エースガード,1,2,9,3,10,99,50,91,4,1,1,1,3,潔癖,1,速射,3,裂傷,-1,,,,,筆頭チケット,2,雌火竜の逆鱗,1,骸蜘蛛の剛爪,2,古龍の血,2
クイーンアーム,2,1,9,3,10,99,92,141,3,0,0,0,2,潔癖,1,斬れ味,3,裂傷,-1,,,,,筆頭チケット,2,雌火竜の逆鱗,1,骸蜘蛛の剛爪,2,古龍の血,2
クイーンガード,2,2,9,3,10,99,50,91,4,1,1,1,3,潔癖,1,速射,3,裂傷,-1,,,,,筆頭チケット,2,雌火竜の逆鱗,1,骸蜘蛛の剛爪,2,古龍の血,2
ガーディアンＺアーム,1,1,9,1,10,99,96,143,0,0,0,0,0,底力,-1,高速設置,2,乗り,4,節食,2,,,メランジェ鉱石,3,タツジンコインＧ,3,蟲のコインＧ,3,,
ガーディアンＺガード,1,2,9,1,10,99,53,93,1,1,1,1,1,底力,-1,高速設置,2,乗り,4,節食,2,,,メランジェ鉱石,3,タツジンコインＧ,3,蟲のコインＧ,3,,
ヘルパーＺカフス,2,1,9,1,10,99,96,143,0,0,0,0,0,底力,-1,高速設置,2,乗り,4,節食,2,,,メランジェ鉱石,3,タツジンコインＧ,3,蟲のコインＧ,3,,
ヒーラーＺカフス,2,2,9,1,10,99,53,93,1,1,1,1,1,底力,-1,高速設置,2,乗り,4,節食,2,,,メランジェ鉱石,3,タツジンコインＧ,3,蟲のコインＧ,3,,
Ｇ・ナイトＸグラブ,1,1,9,1,12,99,110,150,0,0,0,0,0,匠,2,剥ぎ取り,4,広域,5,気配,-3,,,真紅蓮石,3,デンセツコインＧ,3,飛竜のコインＧ,3,,
Ｇ・ナイトＸカフス,1,2,9,1,12,99,64,97,1,1,1,1,1,剥ぎ取り,3,装填数,2,広域,5,気配,-3,,,真紅蓮石,3,デンセツコインＧ,3,飛竜のコインＧ,3,,
メイドＸグラブ,2,1,9,1,12,99,110,150,0,0,0,0,0,匠,2,剥ぎ取り,4,広域,5,気配,-3,,,真紅蓮石,3,デンセツコインＧ,3,飛竜のコインＧ,3,,
プライベートＸカフス,2,2,9,1,12,99,64,97,1,1,1,1,1,剥ぎ取り,3,装填数,2,広域,5,気配,-3,,,真紅蓮石,3,デンセツコインＧ,3,飛竜のコインＧ,3,,
アークＸアーム,1,1,10,1,11,99,109,151,-4,4,0,3,-6,潔癖,3,匠,3,本気,4,火耐性,-3,狂撃耐性,1,天廻龍の重殻,5,天廻龍の剛浄爪,5,天廻龍の上虹翼,2,天廻龍の天鱗,1
アークＸガード,1,2,10,1,11,99,63,98,-3,5,1,4,-5,潔癖,3,本気,4,装填数,3,火耐性,-3,狂撃耐性,1,天廻龍の重殻,5,天廻龍の剛浄爪,5,天廻龍の上虹翼,2,天廻龍の天鱗,1
フィリアＸアーム,2,1,10,1,11,99,109,151,-4,4,0,3,-6,潔癖,3,匠,3,本気,4,火耐性,-3,狂撃耐性,1,天廻龍の重殻,5,天廻龍の剛浄爪,5,天廻龍の上虹翼,2,天廻龍の天鱗,1
フィリアＸガード,2,2,10,1,11,99,63,98,-3,5,1,4,-5,潔癖,3,本気,4,装填数,3,火耐性,-3,狂撃耐性,1,天廻龍の重殻,5,天廻龍の剛浄爪,5,天廻龍の上虹翼,2,天廻龍の天鱗,1
斉天ノ篭手・真,0,1,10,1,11,99,106,148,2,1,3,-6,2,本気,3,闘魂,4,スタミナ,-2,雷属性攻撃,3,,,金獅子の剛角,1,金獅子の尻尾,2,鋭利な爪,3,炎龍の宝玉,1
仙師ノ篭手・真,0,2,10,1,11,99,60,96,3,2,4,-5,3,装填速度,2,本気,2,闘魂,4,スタミナ,-2,雷属性攻撃,2,金獅子の剛角,1,金獅子の尻尾,2,鋭利な爪,3,炎龍の宝玉,1
怒天ノ篭手・真,0,1,10,0,11,99,108,150,2,1,4,-7,2,本気,6,闘魂,7,スタミナ,-2,属性攻撃,1,,,金獅子の怒髪天,2,黄金の煌毛,3,金獅子の尻尾,2,黒狼鳥の剛翼,3
心滅ノ篭手・真,0,2,10,0,11,99,62,98,3,2,5,-6,3,本気,6,闘魂,7,スタミナ,-2,属性攻撃,1,,,金獅子の怒髪天,2,黄金の煌毛,3,金獅子の尻尾,2,黒狼鳥の剛翼,3
クシャナＸハトゥー,0,1,10,2,11,99,109,151,-2,2,-5,5,-6,回避性能,2,溜め短縮,2,耐暑,2,毒,-2,属性会心,3,鋼龍の重殻,5,鋼龍の剛爪,1,鋼の厚龍鱗,3,太古龍骨,5
クシャナＸマカーン,0,2,10,2,11,99,63,98,-1,3,-4,6,-5,回避性能,2,溜め短縮,2,耐暑,2,毒,-2,属性会心,3,鋼龍の重殻,5,鋼龍の剛爪,1,鋼の厚龍鱗,3,太古龍骨,5
クジュラハトゥー,0,1,10,1,12,99,116,152,3,-6,2,6,-5,刀匠,3,斬れ味,3,無傷,2,毒,-3,,,錆鋼の龍殻,5,錆鋼の龍爪,1,錆鋼の龍鱗,3,鋼龍の宝玉,1
クジュラマカーン,0,2,10,1,12,99,69,98,4,-5,3,7,-4,射手,3,反動,4,無傷,3,毒,-3,,,錆鋼の龍殻,5,錆鋼の龍爪,1,錆鋼の龍鱗,3,鋼龍の宝玉,1
カイザーＸアーム,0,1,10,3,11,99,109,151,4,-6,1,-2,-2,細菌学,2,居合,2,剣術,3,耐寒,-2,,,炎王龍の重殻,6,炎龍の剛爪,3,真紅蓮石,2,古龍の血,5
カイザーＸガード,0,2,10,3,11,99,63,98,5,-5,2,-1,-1,細菌学,2,剛撃,2,装填速度,4,耐寒,-2,,,炎王龍の重殻,6,炎龍の剛爪,3,真紅蓮石,2,古龍の血,5
ミヅハ真【大袖】,0,1,10,2,11,99,109,151,-4,3,0,4,-1,匠,2,聴覚保護,3,特殊攻撃,3,風圧,4,耐暑,-2,霞龍の特上皮,3,霞龍の剛角,2,古龍の大宝玉,1,古龍の血,3
トヨタマ真【大袖】,0,2,10,2,11,99,63,98,-3,4,1,5,0,聴覚保護,3,特殊攻撃,3,装填数,2,風圧,4,耐暑,-2,霞龍の特上皮,3,霞龍の剛角,2,古龍の大宝玉,1,古龍の血,3
残陽・真【篭手】,1,1,10,3,11,99,107,149,3,2,-4,3,-4,抜刀会心,2,不動,2,達人,3,底力,-3,,,豪山龍の重紅鱗,6,豪山龍の重腕甲,1,荒々しい龍剛角,2,メランジェ鉱石,2
東雲・真【篭手】,1,2,10,3,11,99,61,97,4,3,-3,4,-3,装填速度,-3,速射,2,不動,2,達人,4,,,豪山龍の重紅鱗,6,豪山龍の重腕甲,1,荒々しい龍剛角,2,メランジェ鉱石,2
常磐・真【篭手】,2,1,10,3,11,99,107,149,3,2,-4,3,-4,抜刀会心,2,不動,2,達人,3,底力,-3,,,豪山龍の重紅鱗,6,豪山龍の重腕甲,1,荒々しい龍剛角,2,メランジェ鉱石,2
八千代・真【大袖】,2,2,10,3,11,99,61,97,4,3,-3,4,-3,装填速度,-3,速射,2,不動,2,達人,4,,,豪山龍の重紅鱗,6,豪山龍の重腕甲,1,荒々しい龍剛角,2,メランジェ鉱石,2
ゴグアーム,0,1,10,2,12,99,110,152,-4,3,0,3,-7,達人,2,砲術,4,研ぎ師,-3,秘伝,2,,,巨戟龍の戦爪,5,巨戟龍の筋繊翼,2,巨戟龍の城殻,5,コスモライト鉱石,3
マゴグガード,0,2,10,2,12,99,64,98,-3,4,1,4,-6,装填速度,-1,通常弾強化,4,射法,1,秘伝,2,,,巨戟龍の戦爪,5,巨戟龍の筋繊翼,2,巨戟龍の城殻,5,コスモライト鉱石,3
リベリオンＺアーム,0,1,10,1,12,99,112,152,3,3,-2,-2,-3,状態耐性,2,抜刀減気,4,達人,-3,,,,,蛇帝龍の厚尾鱗,4,蛇帝龍の大扇刃,3,天剣の龍玉,1,霞龍の特上皮,6
ライオットＺガード,0,2,10,1,12,99,65,98,4,4,-1,-1,-2,状態耐性,2,速射,4,達人,-3,,,,,蛇帝龍の厚尾鱗,4,蛇帝龍の大扇刃,3,天剣の龍玉,1,霞龍の特上皮,6
アカムトＸサクンペ,0,1,10,2,12,99,110,150,4,0,-3,2,-5,剣術,1,匠,2,達人,1,聴覚保護,2,斬れ味,-2,覇竜の剛裂爪,5,覇竜の厚鱗,4,覇導玉,1,大竜玉,2
アカムトＸノキリペ,0,2,10,2,12,99,64,97,5,1,-2,3,-4,装填速度,-2,達人,1,聴覚保護,3,装填数,2,射法,2,覇竜の剛裂爪,5,覇竜の厚鱗,4,覇導玉,1,大竜玉,2
ウカムルＸサクンペ,0,1,10,2,11,99,106,148,-5,0,-3,4,-2,剣術,3,匠,1,痛撃,2,加護,-2,耐震,3,崩竜の厚腹鱗,5,崩竜の剛穿爪,3,崩竜の重尾,1,白兎獣の地獄耳,3
ウカムルＸノキリペ,0,2,10,2,11,99,60,96,-4,1,-2,5,-1,装填速度,5,痛撃,2,装填数,1,加護,-2,,,崩竜の厚腹鱗,5,崩竜の剛穿爪,3,崩竜の重尾,1,白兎獣の地獄耳,3
グリードＺアーム,0,1,10,1,11,99,108,150,-1,-1,-3,-1,-1,攻撃,5,斬れ味,4,食事,3,腹減り,-2,,,極悪な牙,4,恐暴竜の厚黒鱗,6,恐暴竜の滅鱗,1,大竜玉,1
グリードＺガード,0,2,10,1,11,99,62,98,0,0,-2,0,0,反動,4,攻撃,4,食事,3,腹減り,-2,,,極悪な牙,4,恐暴竜の厚黒鱗,6,恐暴竜の滅鱗,1,大竜玉,1
エクスゼロＺアーム,0,1,10,1,12,99,116,152,3,-5,2,-3,1,攻撃,4,聴覚保護,2,研ぎ師,-2,減気攻撃,4,食事,4,大轟竜の重牙,3,大轟竜の厚鱗,6,大轟竜の靭尾,2,古龍の大宝玉,1
エクスゼロＺガード,0,2,10,1,12,99,69,98,4,-4,3,-2,2,反動,-2,攻撃,4,聴覚保護,2,減気攻撃,4,食事,4,大轟竜の重牙,3,大轟竜の厚鱗,6,大轟竜の靭尾,2,古龍の大宝玉,1
ブラキウムアーム,0,1,10,1,12,99,116,152,4,-3,0,-3,0,闘魂,3,底力,3,重撃,2,乗り,-3,剛腕,3,砕竜の撃滅拳,1,砕竜の重黒曜甲,3,臨界極まる粘菌,3,砕竜の天殻,1
ブラキウムガード,0,2,10,1,12,99,69,98,5,-2,1,-2,1,闘魂,3,底力,3,重撃,2,乗り,-3,剛腕,3,砕竜の撃滅拳,1,砕竜の重黒曜甲,3,臨界極まる粘菌,3,砕竜の天殻,1
ラースクロウ,0,1,10,1,12,99,120,156,2,-1,1,-3,-4,怒,2,攻撃,4,防御,-3,斬術,2,,,黒龍の紅焔角,2,黒龍の紅焔殻,4,黒龍の紅焔翼,3,大地の龍神玉,1
ラースフィスト,0,2,10,1,12,99,72,101,3,0,2,-2,-5,怒,2,攻撃,4,防御,-3,裏稼業,2,,,黒龍の紅焔角,2,黒龍の紅焔殻,4,黒龍の紅焔翼,3,大地の龍神玉,1
キリンＸアームロング,0,1,10,3,11,99,98,145,-3,-3,5,-1,3,属性解放,2,属性耐性,2,運気,-3,属性攻撃,2,,,キリンの特上皮,3,キリンの靭雷尾,3,青怪鳥の重殻,6,コスモライト鉱石,2
キリンＸグローブ,0,2,10,3,11,99,54,94,-2,-2,6,0,4,属性解放,2,属性耐性,2,運気,-3,属性攻撃,2,,,キリンの特上皮,3,キリンの靭雷尾,3,青怪鳥の重殻,6,コスモライト鉱石,2
キリンＺアームロング,0,1,10,2,11,99,99,146,-3,-3,-1,6,3,回避術,1,属性耐性,1,運気,-3,氷属性攻撃,4,属性攻撃,3,キリンの靭霜尾,4,キリンの特上皮,4,古龍の血,5,黒狼鳥の靭尾,3
キリンＺグローブ,0,2,10,2,11,99,55,95,-2,-2,0,7,4,回避術,1,属性耐性,1,運気,-3,氷属性攻撃,4,属性攻撃,3,キリンの靭霜尾,4,キリンの特上皮,4,古龍の血,5,黒狼鳥の靭尾,3
夜叉・真【御手】,0,1,10,1,11,99,110,152,2,2,0,-2,-2,剣術,2,属性耐性,3,底力,-2,加護,2,剛腕,3,太古の龍木,1,浮岳龍のヒレ,1,ピュアクリスタル,3,,
修羅・真【御手】,0,2,10,1,11,99,64,99,3,4,2,-1,-1,属性耐性,3,底力,-2,装填数,2,加護,2,剛腕,3,太古の龍木,1,浮岳龍のヒレ,1,ピュアクリスタル,3,,
大和・真【篭手】,1,1,10,3,11,99,108,150,3,1,0,-4,-4,達人,2,底力,-2,溜め短縮,2,,,,,峯山龍の重腕甲,1,鎧竜の重殻,6,大地の龍神玉,1,,
陸奥・真【篭手】,1,2,10,3,11,99,62,98,4,2,1,-3,-3,装填速度,-2,反動,3,貫通弾強化,2,,,,,峯山龍の重腕甲,1,鎧竜の重殻,6,大地の龍神玉,1,,
日向・真【篭手】,2,1,10,3,11,99,108,150,3,1,0,-4,-4,達人,2,底力,-2,溜め短縮,2,,,,,峯山龍の重腕甲,1,鎧竜の重殻,6,大地の龍神玉,1,,
天城・真【篭手】,2,2,10,3,11,99,62,98,4,2,1,-3,-3,装填速度,-2,反動,3,貫通弾強化,2,,,,,峯山龍の重腕甲,1,鎧竜の重殻,6,大地の龍神玉,1,,
エンプレスＸアーム,0,1,10,2,11,99,110,152,4,-2,1,-6,-2,属性解放,3,達人,2,ガード性能,2,耐寒,-2,職工,2,炎妃龍の重殻,3,炎妃龍の尻尾,1,黒轟竜の剛爪,4,真紅蓮石,2
エンプレスＸガード,0,2,10,2,11,99,64,99,5,-1,2,-5,-1,属性解放,3,達人,2,ガード強化,2,耐寒,-2,職工,2,炎妃龍の重殻,3,炎妃龍の尻尾,1,黒轟竜の剛爪,4,真紅蓮石,2
ヘリオスＸアーム,1,1,10,0,11,99,108,150,0,3,-2,1,-5,聴覚保護,4,スタミナ,5,重撃,3,水属性攻撃,3,加護,-2,大海龍の鱗,2,大海龍の鎧毛,1,大竜玉,2,,
ヘリオスＸガード,1,2,10,0,11,99,62,98,1,4,-1,2,-4,聴覚保護,4,スタミナ,5,重撃,3,水属性攻撃,3,加護,-2,大海龍の鱗,2,大海龍の鎧毛,1,大竜玉,2,,
セレネＸアーム,2,1,10,0,11,99,108,150,0,3,-2,1,-5,聴覚保護,4,スタミナ,5,重撃,3,水属性攻撃,3,加護,-2,大海龍の鱗,2,大海龍の鎧毛,1,大竜玉,2,,
セレネＸガード,2,2,10,0,11,99,62,98,1,4,-1,2,-4,聴覚保護,4,スタミナ,5,重撃,3,水属性攻撃,3,加護,-2,大海龍の鱗,2,大海龍の鎧毛,1,大竜玉,2,,
EX暁丸【篭手】,1,1,10,1,12,99,116,152,-2,2,0,2,-4,スタミナ,-2,重撃,4,加護,1,斬術,3,,,老山龍の重殻,4,老山龍の厚鱗,2,千刃竜の鏡玉,1,,
EX曙丸【篭手】,1,2,10,2,12,99,69,98,-1,3,1,3,-3,スタミナ,-2,重撃,4,加護,1,裏稼業,3,,,老山龍の重殻,4,老山龍の厚鱗,2,千刃竜の鏡玉,1,,
EX凛【篭手】,2,1,10,1,12,99,116,152,-2,2,0,2,-4,スタミナ,-2,重撃,4,加護,1,斬術,3,,,老山龍の重殻,4,老山龍の厚鱗,2,千刃竜の鏡玉,1,,
EX艶【篭手】,2,2,10,2,12,99,69,98,-1,3,1,3,-3,スタミナ,-2,重撃,4,加護,1,裏稼業,3,,,老山龍の重殻,4,老山龍の厚鱗,2,千刃竜の鏡玉,1,,
荒天【袂】,0,1,10,0,12,99,112,152,-3,4,0,0,-5,匠,1,本気,5,水属性攻撃,3,食事,-1,属性会心,4,嵐龍の飛膜,2,嵐龍の堅殻,4,渦巻骨,7,天剣の龍神玉,1
蒼天【袂】,0,2,10,0,12,99,65,98,-2,5,0,0,-4,本気,5,装填数,1,水属性攻撃,3,食事,-1,属性会心,4,嵐龍の飛膜,2,嵐龍の堅殻,4,渦巻骨,7,天剣の龍神玉,1
ミラアルマクロウ,0,1,10,2,12,99,116,152,4,0,-3,1,-7,本気,2,不動,2,攻撃,6,スタミナ,-1,,,煉黒龍の黒鱗,4,煉黒龍の灼熱核,2,光炎の大龍玉,1,蒼火竜の重殻,10
ミラアルマフィスト,0,2,10,2,12,99,69,98,5,1,-2,2,-6,本気,2,不動,1,攻撃,6,スタミナ,-1,,,煉黒龍の黒鱗,4,煉黒龍の灼熱核,2,光炎の大龍玉,1,蒼火竜の重殻,10
EXエスカドラアムズ,0,1,10,1,12,99,112,152,-3,-2,3,3,-2,属性耐性,1,回避距離,1,気絶,-3,秘伝,2,,,煌黒龍の天鱗,4,煌黒龍の凶爪,3,崩天玉,1,マボロシチョウ,2
EXエスカドラアルマ,0,2,10,1,12,99,65,98,-2,-1,4,4,-1,属性耐性,1,回避距離,1,気絶,-3,射法,3,,,煌黒龍の天鱗,4,煌黒龍の凶爪,3,崩天玉,1,マボロシチョウ,2
スターナイトアーム,0,1,10,3,11,99,100,151,1,1,1,1,1,匠,1,闘魂,3,乗り,2,斬術,1,,,スタジオＳパス,1,千刃竜の閃裂爪,3,千刃竜の斬翼爪,2,千刃竜の鏡玉,1
スターナイトガード,0,2,10,3,11,99,55,97,2,2,2,2,2,闘魂,3,無傷,2,装填数,1,乗り,2,,,スタジオＳパス,1,千刃竜の閃裂爪,3,千刃竜の斬翼爪,2,千刃竜の鏡玉,1
反逆王Ｊグラブ,0,1,10,0,11,99,100,151,-4,-4,-4,-4,-4,胴系統倍加,1,,,,,,,,,反逆Ｊチケット,1,大長老チケットＳ,2,獄炎の厚龍鱗,5,炎王龍の剛角,2
反逆王Ｊカフス,0,2,10,0,11,99,55,97,-3,-3,-3,-3,-3,胴系統倍加,1,,,,,,,,,反逆Ｊチケット,1,大長老チケットＳ,2,獄炎の厚龍鱗,5,炎王龍の剛角,2
王者のバンテージ,0,1,10,0,11,99,88,152,-2,-2,-2,-2,4,重撃,1,根性,4,属性攻撃,-3,体術,2,剛腕,4,刃牙道の証,1,黄金の煌毛,2,金獅子の剛角,2,金獅子の黒荒毛,6
強者のバンテージ,0,2,10,0,11,99,47,100,-1,-1,-1,-1,5,重撃,1,根性,4,属性攻撃,-3,体術,2,剛腕,4,刃牙道の証,1,黄金の煌毛,2,金獅子の剛角,2,金獅子の黒荒毛,6
バリアスーツガード,1,1,10,0,11,99,116,152,3,3,3,3,-4,状態耐性,3,匠,3,不動,2,腹減り,-4,,,モジュール機能,1,真紅蓮石,3,骸蜘蛛の剛爪,4,大長老チケットＳ,2
バリアスーツシールド,1,2,10,0,11,99,69,100,4,4,4,4,-3,状態耐性,3,速射,3,不動,2,腹減り,-4,,,モジュール機能,1,真紅蓮石,3,骸蜘蛛の剛爪,4,大長老チケットＳ,2
ゼロスーツグラブ,2,1,10,0,11,99,88,142,3,3,3,3,-4,回避術,2,匠,3,防御,-4,気力回復,3,,,モジュール機能,1,ピュアクリスタル,2,骸蜘蛛の剛爪,4,大長老チケットＳ,2
ゼロスーツハンド,2,2,10,0,11,99,47,92,4,4,4,4,-3,回避術,2,速射,3,防御,-4,気力回復,3,,,モジュール機能,1,ピュアクリスタル,2,骸蜘蛛の剛爪,4,大長老チケットＳ,2
Ｇ・ルナＺアーム,0,1,10,1,11,99,108,150,2,-4,-7,0,4,運気,5,捕獲,2,重撃,4,雷耐性,-2,加護,2,金火竜の重殻,5,火竜の剛翼爪,4,雌火竜の天鱗,1,真紅蓮石,4
Ｇ・ルナＺガード,0,2,10,1,11,99,62,98,3,-3,-6,1,5,運気,5,捕獲,2,重撃,4,雷耐性,-2,加護,2,金火竜の重殻,5,火竜の剛翼爪,4,雌火竜の天鱗,1,真紅蓮石,4
Ｓ・ソルＺアーム,0,1,10,2,11,99,108,150,2,-7,-4,0,4,痛撃,2,達人,1,斬れ味,1,火属性攻撃,4,回復量,-3,銀火竜の靭尾,1,火竜の紅玉,2,火竜の剛翼爪,4,真紅蓮石,3
Ｓ・ソルＺガード,0,2,10,2,11,99,62,98,3,-6,-3,1,5,痛撃,2,達人,1,貫通弾強化,1,火属性攻撃,4,回復量,-3,銀火竜の靭尾,1,火竜の紅玉,2,火竜の剛翼爪,4,真紅蓮石,3
リベリオンＸアーム,0,1,10,0,12,99,110,152,3,3,-2,-2,-3,怒,3,居合,3,攻撃,-4,,,,,蛇王龍の厚尾鱗,4,蛇王龍の大扇刃,3,天剣の龍玉,1,霞龍の特上皮,6
ライオットＸガード,0,2,10,0,12,99,64,98,4,4,-1,-1,-2,怒,3,剛撃,3,攻撃,-4,,,,,蛇王龍の厚尾鱗,4,蛇王龍の大扇刃,3,天剣の龍玉,1,霞龍の特上皮,6
ドラゴンＸクロウ,0,1,10,0,12,99,118,154,-3,2,2,-1,-6,剛撃,3,匠,3,斬れ味,3,納刀,3,溜め短縮,-2,黒龍の剛角,2,黒龍の重殻,2,黒龍の剛翼,3,雌火竜の天鱗,1
ドラゴンＸフィスト,0,2,10,0,12,99,71,100,-2,3,3,0,-5,剛撃,3,納刀,3,溜め短縮,-2,装填数,3,貫通弾強化,3,黒龍の剛角,2,黒龍の重殻,2,黒龍の剛翼,3,雌火竜の天鱗,1
ミラルーツクロウ,0,1,10,0,12,99,120,156,-2,2,2,-1,-7,刀匠,2,運気,-2,達人,5,体術,4,,,祖龍の剛角,2,祖龍の重殻,1,祖龍の剛翼,3,獄狼竜の天玉,1
ミラルーツフィスト,0,2,10,0,12,99,72,101,-1,3,3,0,-6,射手,2,運気,-2,達人,5,体術,4,,,祖龍の剛角,2,祖龍の重殻,1,祖龍の剛翼,3,獄狼竜の天玉,1
GXハンタークラーク,0,1,10,3,12,99,120,156,0,1,-3,0,0,闘魂,6,加護,-3,,,,,,,狩人チケット,1,金獅子の黒荒毛,8,ラージャンハート,1,重厚な骨,4
GXハンターカノン,0,2,10,3,12,99,72,101,1,2,-2,1,1,闘魂,6,加護,-3,,,,,,,狩人チケット,1,金獅子の黒荒毛,8,ラージャンハート,1,重厚な骨,4
GXグリードクラーク,0,1,10,0,12,99,100,151,-5,-5,-5,-5,-5,痛撃,3,剥ぎ取り,5,運気,3,達人,-3,,,強欲チケット,1,血戦の漆黒皮,5,恐暴竜の宝玉,1,大竜玉,3
GXグリードカノン,0,2,10,0,12,99,55,97,-4,-4,-4,-4,-4,痛撃,2,剥ぎ取り,5,運気,3,達人,-3,,,強欲チケット,1,血戦の漆黒皮,5,恐暴竜の宝玉,1,大竜玉,3
GX荒天【羽袂】,0,1,10,0,12,99,88,152,-3,4,0,0,-5,胴系統倍加,1,,,,,,,,,嵐龍チケット,1,巨戟龍の戦爪,4,巨戟龍の筋繊翼,3,雷狼竜の天玉,1
GX蒼天【羽袂】,0,2,10,0,12,99,47,100,-2,5,0,0,-4,胴系統倍加,1,,,,,,,,,嵐龍チケット,1,巨戟龍の戦爪,4,巨戟龍の筋繊翼,3,雷狼竜の天玉,1
GXミラバルＺクラーク,0,1,10,1,12,99,110,152,2,-1,1,-3,-7,刀匠,3,根性,1,体術,-2,秘伝,1,,,紅龍チケット,1,黒龍の紅焔殻,4,黒龍の紅焔角,4,不滅の炉心殻,1
GXミラバルＺカノン,0,2,10,1,12,99,64,98,3,0,2,-2,-6,射手,3,根性,1,体術,-2,裏稼業,1,,,紅龍チケット,1,黒龍の紅焔殻,4,黒龍の紅焔角,4,不滅の炉心殻,1
レイジのアーム,1,1,10,0,12,99,110,150,3,2,2,2,-5,強欲,1,匠,2,痛撃,5,達人,2,斬れ味,-1,女神の抱擁,2,金獅子の黒荒毛,3,黒蝕竜の剛惨爪,5,ピュアクリスタル,2
レイジのガード,1,2,10,0,12,99,65,98,4,3,3,3,-4,強欲,1,装填速度,-1,砲術,2,装填数,2,KO,5,女神の抱擁,2,金獅子の黒荒毛,3,黒蝕竜の剛惨爪,5,ピュアクリスタル,2
アナトのアーム,2,1,10,0,12,99,110,150,3,2,2,2,-5,強欲,1,匠,2,痛撃,5,達人,2,斬れ味,-1,女神の抱擁,2,金獅子の黒荒毛,3,黒蝕竜の剛惨爪,5,ピュアクリスタル,2
アナトのガード,2,2,10,0,12,99,65,98,4,3,3,3,-4,強欲,1,装填速度,-1,砲術,2,装填数,2,KO,5,女神の抱擁,2,金獅子の黒荒毛,3,黒蝕竜の剛惨爪,5,ピュアクリスタル,2