#名前,"性別(0=両,1=男,2=女)","タイプ(0=両方,1=剣士,2=ガンナー)",レア度,スロット数,入手時期／集☆（99=集入手不可）,入手時期／村☆（99=村入手不可）,初期防御力,最終防御力,火耐性,水耐性,雷耐性,氷耐性,龍耐性,スキル系統1,スキル値1,スキル系統2,スキル値2,スキル系統3,スキル値3,スキル系統4,スキル値4,スキル系統5,スキル値5,生産素材1,個数,生産素材2,個数,生産素材3,個数,生産素材4,個数
レザーベスト,0,0,1,0,1,1,1,71,-1,0,0,0,1,採取,3,気まぐれ,2,,,,,,,暖かい毛皮,1,竜骨【小】,1,,,,
ブレイブベスト,0,0,1,0,1,1,1,71,2,0,0,0,1,体力,-2,回復速度,2,乗り,3,,,,,竜骨【小】,1,鉄鉱石,1,,,,
チェーンベスト,0,0,1,0,1,1,4,73,2,1,-2,1,0,体力,3,腹減り,1,,,,,,,鉄鉱石,2,暖かい毛皮,1,,,,
ハンターメイル,0,1,1,1,1,1,6,112,0,1,-3,0,0,調合成功率,2,狩人,1,毒,-2,,,,,鉄鉱石,2,ジャギィの鱗,1,竜骨【小】,2,,
ハンターレジスト,0,2,1,1,1,1,3,72,1,2,-2,1,1,調合成功率,2,狩人,1,毒,-2,,,,,鉄鉱石,2,ジャギィの鱗,1,竜骨【小】,2,,
ボーンメイル,0,1,1,1,1,3,7,113,1,0,-1,-2,0,KO,2,笛,1,,,,,,,なぞの骨,2,大きな骨,1,甲虫の腹袋,2,,
ボーンレジスト,0,2,1,1,1,3,4,73,2,1,0,-1,1,KO,2,笛,1,,,,,,,なぞの骨,2,大きな骨,1,甲虫の腹袋,2,,
アロイメイル,0,1,1,1,1,1,8,114,-1,1,-2,-1,0,防御,1,採取,-2,風圧,3,,,,,マカライト鉱石,3,竜骨【小】,2,鉄鉱石,2,,
アロイレジスト,0,2,1,1,1,1,4,73,0,2,-1,0,1,採取,-2,散弾強化,2,散弾追加,2,,,,,マカライト鉱石,3,竜骨【小】,2,鉄鉱石,2,,
ロックラックスーツ,0,0,1,1,1,2,5,73,2,-3,1,0,0,耐暑,5,運搬,3,,,,,,,鋼のたまご,1,甲虫の腹袋,2,ジャギィの皮,3,,
ブナハスーツ,0,1,2,0,1,2,10,116,-4,-1,2,-1,2,攻撃,-2,特殊攻撃,2,納刀,2,麻痺,1,,,飛甲虫の甲殻,2,飛甲虫の羽,3,モンスターの体液,2,雷光虫,1
ブナハベスト,0,2,2,0,1,2,5,73,-3,0,3,0,3,攻撃,-2,特殊攻撃,1,納刀,3,麻痺,1,,,飛甲虫の甲殻,2,飛甲虫の羽,3,モンスターの体液,2,雷光虫,1
ズワロマント,0,1,2,0,2,3,10,116,-2,2,0,-1,1,体力,8,回復速度,2,,,,,,,垂皮竜の皮,4,マカライト鉱石,2,暖かい毛皮,3,,
ズワロケープ,0,2,2,0,2,3,5,73,-1,3,1,0,2,体力,8,回復速度,2,,,,,,,垂皮竜の皮,4,マカライト鉱石,2,暖かい毛皮,3,,
リノプロメイル,0,1,2,1,1,3,8,114,1,-1,-1,-1,1,KO,1,気絶,-2,耐泥耐雪,2,,,,,草食竜の頭殻,1,草食竜の甲殻,2,大地の結晶,2,,
リノプロレジスト,0,2,2,1,1,3,4,73,2,0,0,0,2,KO,1,気絶,-2,耐泥耐雪,2,,,,,草食竜の頭殻,1,草食竜の甲殻,2,大地の結晶,2,,
ガブラスーツボディ,0,1,2,1,3,99,15,117,1,-2,2,1,-3,属性解放,2,属性耐性,-1,毒,2,,,,,翼蛇竜の皮,4,火竜の翼膜,2,のりこねバッタ,4,蟲のコイン,1
ガブラスーツウェア,0,2,2,1,3,99,8,74,2,-1,3,2,-2,属性解放,2,属性耐性,-1,毒,2,,,,,翼蛇竜の皮,4,火竜の翼膜,2,のりこねバッタ,4,蟲のコイン,1
ジャギィメイル,0,1,2,0,1,2,10,116,-2,0,0,0,1,研ぎ師,1,効果持続,-1,気絶,2,,,,,王者のエリマキ,1,狗竜の爪,2,ジャギィの皮,3,鉄鉱石,3
ジャギィレジスト,0,2,2,0,1,2,5,73,-1,1,1,1,2,装填速度,1,効果持続,-1,気絶,2,,,,,王者のエリマキ,1,狗竜の爪,2,ジャギィの皮,3,鉄鉱石,3
ゲネポスメイル,0,1,2,1,2,3,12,116,1,1,-2,-3,2,特殊攻撃,2,麻痺,1,,,,,,,ゲネポスの皮,3,ゲネポスの鱗,2,麻痺袋,1,鉄鉱石,3
ゲネポスレジスト,0,2,2,1,2,3,6,73,2,2,-1,-2,3,特殊攻撃,2,麻痺,1,,,,,,,ゲネポスの皮,3,ゲネポスの鱗,2,麻痺袋,1,鉄鉱石,3
イーオスメイル,0,1,2,2,3,5,15,117,0,-3,-3,2,2,特殊攻撃,2,毒,1,気絶,-2,,,,,イーオスの皮,2,毒袋,3,イーオスの鱗,2,マカライト鉱石,3
イーオスレジスト,0,2,2,2,3,5,8,74,1,-2,-2,3,3,特殊攻撃,2,毒,1,気絶,-2,,,,,イーオスの皮,2,毒袋,3,イーオスの鱗,2,マカライト鉱石,3
ウルクメイル,0,1,2,1,2,4,15,117,-2,2,-1,2,2,回避距離,2,耐暑,-1,耐寒,2,,,,,白兎獣の腹甲,2,白兎獣の毛,2,ジャギィの鱗,4,キラビートル,3
ウルクレジスト,0,2,2,1,2,4,8,74,-1,3,0,3,3,回避距離,2,耐暑,-1,耐寒,2,,,,,白兎獣の腹甲,2,白兎獣の毛,2,ジャギィの鱗,4,キラビートル,3
ケチャメイル,0,1,2,2,1,3,14,116,-3,2,-2,0,2,運気,-1,水属性攻撃,1,気まぐれ,1,,,,,奇猿狐の耳,1,奇猿狐の鉤爪,1,奇猿狐の毛,2,のりこねバッタ,2
ケチャレジスト,0,2,2,2,1,3,7,74,-2,3,-1,1,3,運気,-1,水属性攻撃,1,気まぐれ,1,,,,,奇猿狐の耳,1,奇猿狐の鉤爪,1,奇猿狐の毛,2,のりこねバッタ,2
コンガメイル,0,1,2,0,2,4,14,116,-3,1,1,-1,2,細菌学,3,食いしん坊,1,腹減り,-2,,,,,桃毛獣の毛,2,コンガの毛,4,獣骨,2,のりこねバッタ,3
コンガレジスト,0,2,2,0,2,4,7,74,-2,2,2,0,3,細菌学,3,食いしん坊,1,腹減り,-2,,,,,桃毛獣の毛,2,コンガの毛,4,獣骨,2,のりこねバッタ,3
ゲリョスメイル,0,1,2,1,1,3,14,116,-4,1,2,-2,0,スタミナ,2,腹減り,-2,毒,3,,,,,毒袋,1,大地の結晶,1,ゴム質の皮,2,マカライト鉱石,2
ゲリョスレジスト,0,2,2,1,1,3,7,74,-3,2,3,-1,1,スタミナ,2,腹減り,-2,毒,3,,,,,毒袋,1,大地の結晶,1,ゴム質の皮,2,マカライト鉱石,2
カブラメイル,0,1,2,0,1,3,16,118,2,-3,-2,0,1,防御,1,採取,-3,体力,4,,,,,鬼蛙の鱗,2,鬼蛙の爪,1,草食竜の甲殻,3,のりこねバッタ,2
カブラレジスト,0,2,2,0,1,3,8,74,3,-2,-1,1,2,防御,1,採取,-3,体力,4,,,,,鬼蛙の鱗,2,鬼蛙の爪,1,草食竜の甲殻,3,のりこねバッタ,2
スキュラメイル,0,1,2,1,2,4,19,121,-2,2,-2,1,2,観察眼,3,腹減り,-2,高速設置,1,睡眠,1,,,影蜘蛛の棘,1,影蜘蛛の鋏角,2,影蜘蛛の甲殻,1,竜骨【中】,3
スキュラレジスト,0,2,2,1,2,4,9,75,-1,3,-1,2,3,観察眼,2,腹減り,-2,高速設置,2,睡眠,1,,,影蜘蛛の棘,1,影蜘蛛の鋏角,2,影蜘蛛の甲殻,1,竜骨【中】,3
ザボアメイル,0,1,2,1,2,4,20,122,-2,2,-3,2,0,体力,2,氷属性攻撃,1,肉食,3,腹減り,-2,,,化け鮫の皮,3,化け鮫のヒレ,2,化け鮫の鱗,2,肉厚な皮,3
ザボアレジスト,0,2,2,1,2,4,10,76,-1,3,-2,3,1,体力,2,氷属性攻撃,1,肉食,3,腹減り,-2,,,化け鮫の皮,3,化け鮫のヒレ,2,化け鮫の鱗,2,肉厚な皮,3
ガララメイル,0,1,2,1,2,4,20,122,1,-2,0,-4,1,捕獲,1,聴覚保護,3,気まぐれ,-2,麻痺,1,,,絞蛇竜の鳴甲,2,絞蛇竜の皮,3,絞蛇竜の甲殻,3,ゲネポスの皮,3
ガララレジスト,0,2,2,1,2,4,10,76,2,-1,1,-3,2,捕獲,1,聴覚保護,2,気まぐれ,-2,麻痺,2,,,絞蛇竜の鳴甲,2,絞蛇竜の皮,3,絞蛇竜の甲殻,3,ゲネポスの皮,3
フルフルメイル,0,1,2,2,2,4,19,121,-4,1,1,2,1,雷属性攻撃,2,回復量,1,気絶,-2,,,,,ブヨブヨした皮,2,鉄鉱石,8,とがった爪,2,モンスターの体液,2
フルフルレジスト,0,2,2,2,2,4,10,76,-3,2,2,3,2,雷属性攻撃,2,回復量,1,気絶,-2,,,,,ブヨブヨした皮,2,鉄鉱石,8,とがった爪,2,モンスターの体液,2
レイアメイル,0,1,2,0,2,4,19,121,2,0,-2,0,-3,体力,4,火属性攻撃,2,回復速度,-2,,,,,雌火竜の鱗,4,雌火竜の翼膜,3,火竜の骨髄,1,マカライト鉱石,5
レイアレジスト,0,2,2,0,2,4,10,76,3,1,-1,1,-2,体力,4,火属性攻撃,2,回復速度,-2,,,,,雌火竜の鱗,4,雌火竜の翼膜,3,火竜の骨髄,1,マカライト鉱石,5
ランポスメイル,0,1,2,0,1,2,13,117,0,0,0,-4,2,攻撃,2,千里眼,3,麻痺,-2,気絶,2,,,ドスランポスの爪,2,鳴き袋,2,ランポスの皮,3,のりこねバッタ,2
ランポスレジスト,0,2,2,0,1,2,7,74,1,1,1,-3,3,攻撃,2,千里眼,3,麻痺,-2,気絶,2,,,ドスランポスの爪,2,鳴き袋,2,ランポスの皮,3,のりこねバッタ,2
クックメイル,0,1,2,1,1,2,16,118,2,-1,-2,-3,2,攻撃,2,火属性攻撃,3,水耐性,-2,,,,,怪鳥の鱗,2,怪鳥の甲殻,3,怪鳥の翼膜,1,竜骨【小】,3
クックレジスト,0,2,2,1,1,2,8,74,3,0,-1,-2,3,攻撃,2,火属性攻撃,3,水耐性,-2,,,,,怪鳥の鱗,2,怪鳥の甲殻,3,怪鳥の翼膜,1,竜骨【小】,3
バサルメイル,0,1,2,0,2,3,18,120,0,-2,1,1,-3,耐暑,2,毒,1,麻痺,-1,睡眠,4,,,岩竜の甲殻,5,マカライト鉱石,7,毒袋,3,岩竜の翼,1
バサルレジスト,0,2,2,0,2,3,9,75,1,-1,2,2,-2,耐暑,2,毒,1,麻痺,-1,睡眠,4,,,岩竜の甲殻,5,マカライト鉱石,7,毒袋,3,岩竜の翼,1
アシラメイル,0,1,2,1,99,3,13,117,-2,1,0,-1,1,高速収集,2,食いしん坊,2,腹減り,-1,ハチミツ,1,,,青熊獣の毛,3,青熊獣の甲殻,1,光蟲,2,,
アシラレジスト,0,2,2,1,99,3,7,74,-1,2,1,0,2,高速収集,2,食いしん坊,2,腹減り,-1,ハチミツ,1,,,青熊獣の毛,3,青熊獣の甲殻,1,光蟲,2,,
ルドロスメイル,0,1,2,1,99,3,15,117,-3,2,-1,-1,1,スタミナ,2,水属性攻撃,2,雷耐性,-2,耐暑,2,,,海綿質の皮,2,水獣の爪,1,ランポスの皮,3,大地の結晶,3
ルドロスレジスト,0,2,2,1,99,3,7,74,-2,3,0,0,2,スタミナ,2,水属性攻撃,2,雷耐性,-2,耐暑,2,,,海綿質の皮,2,水獣の爪,1,ランポスの皮,3,大地の結晶,3
ボロスメイル,0,1,2,0,99,4,18,120,-4,4,1,-2,0,攻撃,1,防御,3,ガード性能,2,腹減り,-2,,,土砂竜の頭殻,1,土砂竜の甲殻,2,キラビートル,2,,
ボロスレジスト,0,2,2,0,99,4,8,74,-3,5,2,-1,1,攻撃,1,防御,3,精密射撃,2,腹減り,-2,,,土砂竜の頭殻,1,土砂竜の甲殻,2,キラビートル,2,,
ハプルメイル,0,1,2,1,99,5,21,123,2,0,-2,-4,1,納刀,1,食事,2,,,,,,,潜口竜の皮,4,モンスターの体液,1,竜骨【大】,3,,
ハプルレジスト,0,2,2,1,99,5,10,76,3,1,-1,-3,2,納刀,1,食事,1,,,,,,,潜口竜の皮,4,モンスターの体液,1,竜骨【大】,3,,
ギザミメイル,0,1,2,0,99,5,21,123,1,2,-1,-1,0,斬れ味,2,研ぎ師,1,,,,,,,鎌蟹の甲殻,2,大地の結晶,4,キラビートル,1,,
ギザミレジスト,0,2,2,2,99,5,10,76,2,3,0,0,1,防御,-1,貫通弾追加,1,精密射撃,3,,,,,鎌蟹の甲殻,2,大地の結晶,4,キラビートル,1,,
ハイメタメイル,0,1,2,0,2,4,14,116,-2,-2,3,-1,0,砲術,2,体力,4,スタミナ,-2,,,,,ドラグライト鉱石,2,マカライト鉱石,4,鉄鉱石,3,ランポスの皮,2
ハイメタレジスト,0,2,2,0,2,4,7,74,-1,-1,4,0,1,砲術,2,体力,4,スタミナ,-2,,,,,ドラグライト鉱石,2,マカライト鉱石,4,鉄鉱石,3,ランポスの皮,2
バトルメイル,0,1,2,0,3,5,14,116,2,-2,-2,-1,0,攻撃,1,聴覚保護,-2,ガード性能,2,研ぎ師,4,,,翼蛇竜の皮,2,暖かい毛皮,2,ゲネポスの鱗,5,大地の結晶,3
バトルレジスト,0,2,2,0,3,5,7,74,3,-1,-1,0,1,装填速度,4,攻撃,1,聴覚保護,-2,ガード強化,2,,,翼蛇竜の皮,2,暖かい毛皮,2,ゲネポスの鱗,5,大地の結晶,3
ゴアメイル,0,1,3,0,3,5,21,123,-4,2,-3,1,-2,細菌学,2,匠,2,闘魂,2,火耐性,-3,,,黒蝕竜の鱗,3,黒蝕竜の暗翼,2,黒蝕竜の甲殻,3,黒蝕竜の尻尾,1
ゴアレジスト,0,2,3,0,3,5,11,77,-3,3,-2,2,-1,細菌学,2,闘魂,2,装填数,2,火耐性,-3,,,黒蝕竜の鱗,3,黒蝕竜の暗翼,2,黒蝕竜の甲殻,3,黒蝕竜の尻尾,1
レウスメイル,0,1,3,0,3,5,23,125,2,0,-2,0,-3,攻撃,2,火属性攻撃,2,回復量,-2,,,,,火竜の甲殻,2,火竜の鱗,4,火竜の翼膜,3,ドラグライト鉱石,3
レウスレジスト,0,2,3,0,3,5,12,78,3,1,-1,1,-2,攻撃,2,火属性攻撃,1,回復量,-2,,,,,火竜の甲殻,2,火竜の鱗,4,火竜の翼膜,3,ドラグライト鉱石,3
レックスメイル,0,1,3,2,3,5,22,124,2,-1,-4,0,-2,攻撃,2,研ぎ師,-2,食いしん坊,1,,,,,轟竜の爪,5,轟竜の甲殻,3,轟竜の尻尾,1,肉厚な皮,6
レックスレジスト,0,2,3,2,3,5,11,77,3,0,-3,1,-1,反動,-2,攻撃,2,食いしん坊,1,,,,,轟竜の爪,5,轟竜の甲殻,3,轟竜の尻尾,1,肉厚な皮,6
ジンオウメイル,0,1,3,0,3,5,21,123,0,-2,2,-4,1,本気,3,雷属性攻撃,1,気配,-2,,,,,雷狼竜の帯電毛,1,雷狼竜の甲殻,2,雷狼竜の蓄電殻,2,雷光虫,10
ジンオウレジスト,0,2,3,0,3,5,10,76,1,-1,3,-3,2,本気,3,雷属性攻撃,1,気配,-2,,,,,雷狼竜の帯電毛,1,雷狼竜の甲殻,2,雷狼竜の蓄電殻,2,雷光虫,10
セルタスメイル,0,1,3,1,3,5,21,123,-3,2,-1,-2,2,砲術,3,斬れ味,2,気力回復,-2,,,,,重甲虫の胸殻,4,重甲虫の円月尾,3,重甲虫の甲殻,2,甲虫の腹袋,4
セルタスレジスト,0,2,3,1,3,5,10,76,-2,3,0,-1,3,砲術,3,榴弾追加,2,気力回復,-2,,,,,重甲虫の胸殻,4,重甲虫の円月尾,3,重甲虫の甲殻,2,甲虫の腹袋,4
グラビドメイル,0,1,3,2,3,5,23,125,2,-3,0,1,-2,防御,2,ガード性能,1,スタミナ,-1,,,,,鎧竜の甲殻,5,鎧竜の翼,3,上竜骨,3,ドスイーオスの皮,2
グラビドレジスト,0,2,3,2,3,5,12,78,3,-2,1,2,-1,反動,1,防御,2,スタミナ,-1,,,,,鎧竜の甲殻,5,鎧竜の翼,3,上竜骨,3,ドスイーオスの皮,2
ブラキメイル,0,1,3,1,3,6,22,124,2,-4,0,-2,0,闘魂,3,回避性能,-2,爆弾強化,2,,,,,砕竜の甲殻,4,砕竜の黒曜甲,3,ライトクリスタル,4,鎧竜の翼,2
ブラキレジスト,0,2,3,1,3,6,11,77,3,-3,1,-1,1,闘魂,3,回避性能,-2,爆弾強化,2,,,,,砕竜の甲殻,4,砕竜の黒曜甲,3,ライトクリスタル,4,鎧竜の翼,2
残陽【胴当て】,1,1,3,1,4,6,26,126,2,1,-3,2,-3,抜刀減気,1,達人,2,底力,-3,スタミナ,2,,,豪山龍の甲岩殻,6,荒々しい龍角,4,豪龍岩,2,とがった牙,5
東雲【胴当て】,1,2,3,1,4,6,13,78,3,2,-2,3,-2,装填速度,-3,スタミナ,2,無傷,1,貫通弾強化,2,,,豪山龍の甲岩殻,6,荒々しい龍角,4,豪龍岩,2,とがった牙,5
常磐【胸当て】,2,1,3,1,4,6,26,126,2,1,-3,2,-3,抜刀減気,1,達人,2,底力,-3,スタミナ,2,,,豪山龍の甲岩殻,6,荒々しい龍角,4,豪龍岩,2,とがった牙,5
八千代【胸当て】,2,2,3,1,4,6,13,78,3,2,-2,3,-2,装填速度,-3,スタミナ,2,無傷,1,貫通弾強化,2,,,豪山龍の甲岩殻,6,荒々しい龍角,4,豪龍岩,2,とがった牙,5
アークメイル,1,1,3,1,7,6,24,126,-3,3,0,1,-5,本気,2,火耐性,-3,狂撃耐性,2,,,,,天廻龍の鱗,3,天廻龍の虹翼,2,天廻龍の甲殻,3,天廻龍の尻尾,1
アークレジスト,1,2,3,1,7,6,12,78,-2,4,1,2,-4,本気,2,火耐性,-3,狂撃耐性,2,,,,,天廻龍の鱗,3,天廻龍の虹翼,2,天廻龍の甲殻,3,天廻龍の尻尾,1
フィリアメイル,2,1,3,1,7,6,24,126,-3,3,0,1,-5,本気,2,火耐性,-3,狂撃耐性,2,,,,,天廻龍の鱗,3,天廻龍の虹翼,2,天廻龍の甲殻,3,天廻龍の尻尾,1
フィリアレジスト,2,2,3,1,7,6,12,78,-2,4,1,2,-4,本気,2,火耐性,-3,狂撃耐性,2,,,,,天廻龍の鱗,3,天廻龍の虹翼,2,天廻龍の甲殻,3,天廻龍の尻尾,1
ガルルガメイル,0,1,3,1,3,5,24,126,1,-3,1,-2,0,剣術,-1,達人,1,聴覚保護,4,,,,,黒狼鳥の鱗,4,黒狼鳥の甲殻,5,黒狼鳥の翼,3,ドスゲネポスの皮,2
ガルルガレジスト,0,2,3,1,3,5,12,78,2,-2,2,-1,1,達人,1,聴覚保護,4,スタミナ,-1,,,,,黒狼鳥の鱗,4,黒狼鳥の甲殻,5,黒狼鳥の翼,3,ドスゲネポスの皮,2
キリンベスト,0,1,3,1,3,6,26,126,-2,-2,4,0,2,属性耐性,2,運気,-2,属性攻撃,3,,,,,キリンの皮,3,ブヨブヨした皮,3,ゴム質の皮,2,ライトクリスタル,1
キリンケープ,0,2,3,1,3,6,13,78,-1,-1,5,1,3,属性耐性,2,運気,-2,属性攻撃,3,,,,,キリンの皮,3,ブヨブヨした皮,3,ゴム質の皮,2,ライトクリスタル,1
ナルガメイル,0,1,3,1,5,8,22,124,-2,1,-4,1,1,匠,1,回避性能,3,スタミナ,-2,回避距離,2,,,迅竜の黒毛,2,迅竜の骨髄,1,真珠色の柔皮,6,,
ナルガレジスト,0,2,3,1,5,8,11,77,-1,2,-3,2,2,回避性能,3,スタミナ,-2,回避距離,2,装填数,1,,,迅竜の黒毛,2,迅竜の骨髄,1,真珠色の柔皮,6,,
ガンキンメイル,0,1,3,1,99,5,24,126,2,-4,1,-1,-2,防御,2,スタミナ,-1,減気攻撃,2,,,,,爆鎚竜の耐熱殻,1,盾虫の甲殻,2,上竜骨,3,,
ガンキンレジスト,0,2,3,1,99,5,12,78,3,-3,2,0,-1,防御,2,スタミナ,-1,通常弾強化,2,,,,,爆鎚竜の耐熱殻,1,盾虫の甲殻,2,上竜骨,3,,
ドボルメイル,0,1,3,2,99,6,24,126,-4,2,1,-2,1,攻撃,1,達人,-1,回復速度,2,,,,,尾槌竜の角,2,上竜骨,2,暖かい毛皮,4,,
ドボルレジスト,0,2,3,2,99,6,12,78,-3,3,2,-1,2,攻撃,1,達人,-1,回復速度,2,,,,,尾槌竜の角,2,上竜骨,2,暖かい毛皮,4,,
ラヴァメイル,0,1,3,2,99,6,23,125,2,-3,0,0,1,ガード性能,2,回復速度,2,気配,-2,,,,,溶岩竜の鱗,2,溶岩竜のヒレ,3,火炎袋,2,,
ラヴァレジスト,0,2,3,2,99,6,12,78,3,-2,1,1,2,反動,2,回復速度,2,気配,-2,,,,,溶岩竜の鱗,2,溶岩竜のヒレ,3,火炎袋,2,,
ディアブロメイル,0,1,3,1,99,6,23,125,2,0,0,-4,0,匠,2,抜刀会心,2,研ぎ師,-2,納刀,1,耐震,2,上質なねじれた角,1,角竜の甲殻,3,垂皮竜の皮,3,,
ディアブロレジスト,0,2,3,1,99,6,12,78,3,1,1,-3,1,装填速度,3,納刀,1,装填数,2,貫通弾強化,1,精密射撃,-2,上質なねじれた角,1,角竜の甲殻,3,垂皮竜の皮,3,,
暁丸【胴当て】,1,1,3,1,99,6,26,126,-2,2,0,2,-4,剣術,1,スタミナ,-2,加護,3,,,,,老山龍の甲殻,4,紅蓮石,2,轟竜の頭殻,1,,
曙丸【胴当て】,1,2,3,1,99,6,13,78,-1,3,1,3,-3,スタミナ,-2,装填数,2,加護,3,,,,,老山龍の甲殻,4,紅蓮石,2,轟竜の頭殻,1,,
凛【胸当て】,2,1,3,1,99,6,26,126,-2,2,0,2,-4,剣術,1,スタミナ,-2,加護,3,,,,,老山龍の甲殻,4,紅蓮石,2,轟竜の頭殻,1,,
艶【胸当て】,2,2,3,1,99,6,13,78,-1,3,1,3,-3,スタミナ,-2,装填数,2,加護,3,,,,,老山龍の甲殻,4,紅蓮石,2,轟竜の頭殻,1,,
アーティアメイル,0,1,3,1,3,5,20,122,0,-3,-3,1,2,ガード強化,5,研ぎ師,-3,気力回復,1,,,,,さびた破片,5,紅蓮石,2,ドラグライト鉱石,4,,
アーティアレジスト,0,2,3,1,3,5,10,76,1,-2,-2,2,3,装填速度,-3,反動,1,精密射撃,5,,,,,さびた破片,5,紅蓮石,2,ドラグライト鉱石,4,,
インゴットメイル,0,1,3,1,3,5,18,120,-2,-2,2,0,0,ガード強化,1,納刀,1,雷属性攻撃,2,気まぐれ,-2,,,紅蓮石,1,ドラグライト鉱石,4,鉄鉱石,8,氷結晶,3
インゴットレジスト,0,2,3,1,3,5,8,74,-1,-1,3,1,1,反動,1,散弾強化,1,雷属性攻撃,2,気まぐれ,-2,,,紅蓮石,1,ドラグライト鉱石,4,鉄鉱石,8,氷結晶,3
ブナハＳスーツ,0,1,4,0,4,7,33,116,-5,-1,2,-1,3,攻撃,-2,特殊攻撃,2,納刀,2,麻痺,1,,,飛甲虫の堅殻,2,飛甲虫の甲殻,3,モンスターの濃汁,2,ドスヘラクレス,2
ブナハＳベスト,0,2,4,0,4,7,16,76,-4,0,3,0,4,攻撃,-2,特殊攻撃,1,納刀,3,麻痺,1,,,飛甲虫の堅殻,2,飛甲虫の甲殻,3,モンスターの濃汁,2,ドスヘラクレス,2
ズワロＳマント,0,1,4,0,4,7,36,117,-4,3,0,-2,2,体力,8,回復速度,3,,,,,,,垂皮竜の上皮,2,垂皮竜の皮,5,上質な毛皮,2,,
ズワロＳケープ,0,2,4,0,4,7,18,77,-3,4,1,-1,3,体力,8,回復速度,3,,,,,,,垂皮竜の上皮,2,垂皮竜の皮,5,上質な毛皮,2,,
リノプロＳメイル,0,1,4,1,4,7,31,117,2,-1,-1,-1,1,砲術,1,KO,1,気絶,-3,耐泥耐雪,2,,,草食竜の堅殻,1,草食竜の頭殻,1,カブレライト鉱石,2,,
リノプロＳレジスト,0,2,4,1,4,7,15,76,3,0,0,0,2,砲術,2,KO,1,気絶,-3,耐泥耐雪,2,,,草食竜の堅殻,1,草食竜の頭殻,1,カブレライト鉱石,2,,
ガブラスーツＳボディ,0,1,4,2,5,99,40,117,2,-3,3,2,-4,属性解放,2,属性耐性,-1,減気攻撃,2,,,,,翼蛇竜の上皮,3,翼蛇竜の皮,4,火竜の翼,2,ガマのコイン,1
ガブラスーツＳウェア,0,2,4,2,5,99,20,77,3,-2,4,3,-3,属性解放,2,属性耐性,-1,減気攻撃,2,,,,,翼蛇竜の上皮,3,翼蛇竜の皮,4,火竜の翼,2,ガマのコイン,1
ジャギィＳメイル,0,1,4,1,4,7,36,117,-4,0,0,0,2,攻撃,2,研ぎ師,1,効果持続,-2,気絶,2,,,狗竜の尖爪,4,狗竜の上皮,4,ジャギィの皮,3,カブレライト鉱石,2
ジャギィＳレジスト,0,2,4,1,4,7,18,77,-3,1,1,1,3,装填速度,1,攻撃,2,効果持続,-2,気絶,2,,,狗竜の尖爪,4,狗竜の上皮,4,ジャギィの皮,3,カブレライト鉱石,2
ゲネポスＳメイル,0,1,4,2,4,7,36,117,1,1,-3,-5,3,特殊攻撃,2,麻痺,1,,,,,,,ドスゲネポスの尾,2,ゲネポスの上鱗,2,麻痺袋,2,上質な腹袋,3
ゲネポスＳレジスト,0,2,4,2,4,7,18,77,2,2,-2,-4,4,特殊攻撃,2,麻痺,1,,,,,,,ドスゲネポスの尾,2,ゲネポスの上鱗,2,麻痺袋,2,上質な腹袋,3
イーオスＳメイル,0,1,4,2,5,8,44,119,0,-4,-4,3,3,特殊攻撃,2,毒,1,気絶,-2,,,,,イーオスの上鱗,2,イーオスの上皮,3,カブレライト鉱石,4,堅牢な骨,3
イーオスＳレジスト,0,2,4,2,5,8,22,78,1,-3,-3,4,4,特殊攻撃,2,毒,1,気絶,-2,,,,,イーオスの上鱗,2,イーオスの上皮,3,カブレライト鉱石,4,堅牢な骨,3
ウルクＳメイル,0,1,4,1,5,8,45,120,-3,2,-1,2,2,回避距離,2,効果持続,2,耐暑,-2,耐寒,2,,,白兎獣の堅腹甲,3,白兎獣の剛毛,3,ジャギィの上鱗,6,ドラグライト鉱石,4
ウルクＳレジスト,0,2,4,1,5,8,22,78,-2,3,0,3,3,回避距離,2,効果持続,2,耐暑,-2,耐寒,2,,,白兎獣の堅腹甲,3,白兎獣の剛毛,3,ジャギィの上鱗,6,ドラグライト鉱石,4
ケチャＳメイル,0,1,4,2,4,7,43,118,-5,3,-3,0,3,運気,-1,水属性攻撃,1,体術,1,気まぐれ,1,,,奇猿狐の大耳,2,奇猿狐の剛毛,2,堅牢な骨,1,ドスヘラクレス,2
ケチャＳレジスト,0,2,4,2,4,7,21,78,-4,4,-2,1,4,運気,-1,水属性攻撃,1,体術,1,気まぐれ,1,,,奇猿狐の大耳,2,奇猿狐の剛毛,2,堅牢な骨,1,ドスヘラクレス,2
コンガＳメイル,0,1,4,0,4,7,38,117,-4,1,1,-1,3,細菌学,3,特殊攻撃,1,食いしん坊,2,腹減り,-2,,,桃毛獣の剛毛,3,コンガの剛毛,4,獣骨,6,ドスヘラクレス,3
コンガＳレジスト,0,2,4,0,4,7,19,77,-3,2,2,0,4,細菌学,3,特殊攻撃,1,食いしん坊,2,腹減り,-2,,,桃毛獣の剛毛,3,コンガの剛毛,4,獣骨,6,ドスヘラクレス,3
ランポスＳメイル,0,1,4,1,4,7,38,117,0,0,0,-5,3,匠,2,攻撃,3,麻痺,-2,気絶,2,,,ランポスの尖爪,4,ランポスの上皮,3,強靭な鳥竜皮,3,カブレライト鉱石,2
ランポスＳレジスト,0,2,4,1,4,7,19,77,1,1,1,-4,4,攻撃,2,装填数,1,麻痺,-2,気絶,2,,,ランポスの尖爪,4,ランポスの上皮,3,強靭な鳥竜皮,3,カブレライト鉱石,2
クックＳメイル,0,1,4,2,4,99,43,118,3,0,-2,-4,2,攻撃,3,火耐性,4,,,,,,,怪鳥の上鱗,2,怪鳥の堅殻,3,怪鳥の翼膜,1,上竜骨,3
クックＳレジスト,0,2,4,2,4,99,21,78,4,1,-1,-3,3,攻撃,3,火耐性,4,,,,,,,怪鳥の上鱗,2,怪鳥の堅殻,3,怪鳥の翼膜,1,上竜骨,3
ランゴメイル,0,1,4,1,4,99,36,117,-5,-5,2,-4,2,特殊攻撃,2,毒,-2,麻痺,2,,,,,ランゴスタの薄羽,5,飛甲虫の羽,6,上質な腹袋,2,,
ランゴレジスト,0,2,4,1,4,99,18,77,-4,-4,3,-3,3,特殊攻撃,2,毒,-2,麻痺,2,,,,,ランゴスタの薄羽,5,飛甲虫の羽,6,上質な腹袋,2,,
ガレオスメイル,0,1,4,2,4,7,40,117,-3,2,-4,2,0,千里眼,2,耐暑,2,腹減り,2,気絶,-1,,,砂竜の上鱗,2,砂竜の上ヒレ,2,ライトクリスタル,2,鉄鉱石,10
ガレオスレジスト,0,2,4,2,4,7,20,77,-2,3,-3,3,1,千里眼,3,耐暑,2,腹減り,2,気絶,-1,,,砂竜の上鱗,2,砂竜の上ヒレ,2,ライトクリスタル,2,鉄鉱石,10
ラングロメイル,0,1,4,1,5,99,47,120,1,-3,0,-1,1,細菌学,3,回避性能,2,耐寒,-3,耐震,1,,,赤甲獣の堅殻,4,堅牢な骨,2,カブレライト鉱石,3,,
ラングロレジスト,0,2,4,1,5,99,24,79,2,-2,1,0,2,細菌学,3,回避性能,2,耐寒,-3,耐震,1,,,赤甲獣の堅殻,4,堅牢な骨,2,カブレライト鉱石,3,,
ザザミメイル,0,1,4,2,4,7,40,117,-3,3,-4,0,1,防御,1,ガード性能,2,雷耐性,-2,,,,,盾蟹の堅殻,3,盾蟹の尖爪,1,ドスヘラクレス,3,堅牢な骨,3
ザザミレジスト,0,2,4,2,4,7,20,77,-2,4,-3,1,2,防御,1,精密射撃,2,雷耐性,-2,,,,,盾蟹の堅殻,3,盾蟹の尖爪,1,ドスヘラクレス,3,堅牢な骨,3
ペッコメイル,0,1,4,1,4,7,36,117,2,-1,0,-3,0,氷耐性,-2,観察眼,2,広域,2,笛,2,,,徹甲虫の薄羽,3,極彩色の羽根,1,モンスターの濃汁,2,,
ペッコレジスト,0,2,4,1,4,7,18,77,3,0,1,-2,1,氷耐性,-2,観察眼,2,広域,2,笛,2,,,徹甲虫の薄羽,3,極彩色の羽根,1,モンスターの濃汁,2,,
ガノスメイル,0,1,4,0,99,4,20,122,-4,3,-5,2,2,捕獲,3,スタミナ,2,耐暑,3,高速設置,1,,,水竜のヒレ,3,鮫肌の鱗,2,モンスターの体液,2,,
ガノスレジスト,0,2,4,0,99,4,10,76,-3,4,-4,3,3,捕獲,3,スタミナ,2,耐暑,3,高速設置,1,,,水竜のヒレ,3,鮫肌の鱗,2,モンスターの体液,2,,
レザーＳメイル,0,1,4,1,4,7,22,114,-2,0,0,0,2,採取,3,運気,-1,高速収集,2,,,,,上質な毛皮,1,上竜骨,2,カブレライト鉱石,1,,
レザーＳレジスト,0,2,4,1,4,7,11,75,-1,1,1,1,3,採取,3,運気,-1,高速収集,2,,,,,上質な毛皮,1,上竜骨,2,カブレライト鉱石,1,,
ブレイブＳメイル,0,1,4,0,4,7,18,114,3,0,0,0,2,採取,2,体力,-1,回復速度,2,乗り,2,,,天空の結晶,2,上質な毛皮,1,ランポスの上皮,2,鉄鉱石,8
ブレイブＳレジスト,0,2,4,0,4,7,9,75,4,1,1,1,3,採取,2,体力,-1,回復速度,2,乗り,2,,,天空の結晶,2,上質な毛皮,1,ランポスの上皮,2,鉄鉱石,8
チェーンＳメイル,0,1,4,2,4,7,23,115,2,2,-3,1,0,体力,2,調合成功率,2,腹減り,1,睡眠,-2,,,カブレライト鉱石,2,ドラグライト鉱石,1,大地の結晶,2,ドスヘラクレス,2
チェーンＳレジスト,0,2,4,2,4,7,11,75,3,3,-2,2,1,体力,2,調合成功率,2,腹減り,1,睡眠,-2,,,カブレライト鉱石,2,ドラグライト鉱石,1,大地の結晶,2,ドスヘラクレス,2
ハンターＳメイル,0,1,4,1,4,7,26,116,0,2,-4,0,0,千里眼,1,調合成功率,2,狩人,1,毒,-2,,,カブレライト鉱石,1,ジャギィの上鱗,3,氷結晶,3,鉄鉱石,5
ハンターＳレジスト,0,2,4,1,4,7,13,75,1,3,-3,1,1,千里眼,1,調合成功率,1,狩人,1,毒,-2,,,カブレライト鉱石,1,ジャギィの上鱗,3,氷結晶,3,鉄鉱石,5
ボーンＳメイル,0,1,4,0,4,7,27,117,2,0,-1,-3,0,KO,2,観察眼,1,笛,1,睡眠,-2,,,堅牢な骨,1,竜骨【小】,5,とがった牙,5,,
ボーンＳレジスト,0,2,4,0,4,7,13,75,3,1,0,-2,1,KO,2,観察眼,1,笛,1,睡眠,-2,,,堅牢な骨,1,竜骨【小】,5,とがった牙,5,,
アロイＳメイル,0,1,4,0,4,7,28,116,-1,2,-3,-2,0,防御,1,採取,-2,達人,2,風圧,3,,,カブレライト鉱石,2,レビテライト鉱石,2,マカライト鉱石,7,鉄鉱石,10
アロイＳレジスト,0,2,4,0,4,7,14,75,0,3,-2,-1,1,装填速度,1,採取,-2,散弾強化,2,散弾追加,2,,,カブレライト鉱石,2,レビテライト鉱石,2,マカライト鉱石,7,鉄鉱石,10
マギュルトロンコ,0,1,4,0,99,4,19,121,-4,1,0,2,0,重撃,1,溜め短縮,1,調合成功率,2,調合数,2,回復速度,1,ペピポパンプキン,3,キラビートル,2,雷光虫,4,落陽草の根,10
マギュルシュタム,0,2,4,0,99,4,9,75,-3,2,1,3,1,重撃,1,溜め短縮,1,調合成功率,2,調合数,2,回復速度,1,ペピポパンプキン,3,キラビートル,2,雷光虫,4,落陽草の根,10
ロワーガペット,1,1,4,1,3,5,18,120,-4,0,3,-1,1,属性解放,1,聴覚保護,3,龍属性攻撃,2,加護,-1,ハチミツ,3,オオクワアゲハ,2,レビテライト鉱石,1,キラビートル,2,のりこねバッタ,10
ロワーガペクトス,1,2,4,1,3,5,9,75,-3,1,4,0,2,属性解放,1,聴覚保護,3,龍属性攻撃,2,加護,-1,ハチミツ,3,オオクワアゲハ,2,レビテライト鉱石,1,キラビートル,2,のりこねバッタ,10
ファルメルペット,2,1,4,1,3,5,18,120,-4,0,3,-1,1,属性解放,1,聴覚保護,3,龍属性攻撃,2,加護,-1,ハチミツ,3,オオクワアゲハ,2,レビテライト鉱石,1,キラビートル,2,のりこねバッタ,10
ファルメルペクトス,2,2,4,1,3,5,9,75,-3,1,4,0,2,属性解放,1,聴覚保護,3,龍属性攻撃,2,加護,-1,ハチミツ,3,オオクワアゲハ,2,レビテライト鉱石,1,キラビートル,2,のりこねバッタ,10
キングロブスタシェル,0,1,4,2,99,4,16,118,-2,5,-5,2,-2,回避性能,2,回避距離,1,火耐性,-3,,,,,エビの小殻,2,エビの尾扇,1,化け鮫のヒレ,1,氷結晶,10
キングロブスタスキン,0,2,4,2,99,4,8,74,-1,6,-4,3,-1,回避性能,2,回避距離,1,火耐性,-3,,,,,エビの小殻,2,エビの尾扇,1,化け鮫のヒレ,1,氷結晶,10
ガーディアンスーツ,1,1,4,1,2,99,18,120,0,0,0,0,0,採取,-2,運気,1,砲術,2,加護,2,,,ドラグライト鉱石,2,闘技王のコイン,3,牙獣のコイン,5,,
ガーディアンベスト,1,2,4,1,2,99,9,75,1,1,1,1,1,採取,-2,運気,1,広域,2,加護,2,,,ドラグライト鉱石,2,闘技王のコイン,3,牙獣のコイン,5,,
ヘルパースーツ,2,1,4,1,2,99,18,120,0,0,0,0,0,採取,-2,運気,1,砲術,2,加護,2,,,ドラグライト鉱石,2,闘技王のコイン,3,牙獣のコイン,5,,
ヘルパーベスト,2,2,4,1,2,99,9,75,1,1,1,1,1,採取,-2,運気,1,広域,2,加護,2,,,ドラグライト鉱石,2,闘技王のコイン,3,牙獣のコイン,5,,
ギルドバードスーツ,1,1,4,1,3,99,20,122,0,0,0,0,0,運気,2,広域,4,気配,-1,,,,,レビテライト鉱石,1,蟲のコイン,2,牙獣のコイン,5,闘技王のコイン,3
ギルドバードベスト,1,2,4,1,3,99,10,76,1,1,1,1,1,運気,2,広域,4,気配,-1,,,,,レビテライト鉱石,1,蟲のコイン,2,牙獣のコイン,5,闘技王のコイン,3
スカラースーツ,2,1,4,1,3,99,20,122,0,0,0,0,0,運気,2,広域,4,気配,-1,,,,,レビテライト鉱石,1,蟲のコイン,2,牙獣のコイン,5,闘技王のコイン,3
スカラーベスト,2,2,4,1,3,99,10,76,1,1,1,1,1,運気,2,広域,4,気配,-1,,,,,レビテライト鉱石,1,蟲のコイン,2,牙獣のコイン,5,闘技王のコイン,3
コンガＵメイル,0,1,5,0,4,7,40,117,1,0,0,-4,3,底力,2,爆弾強化,2,腹減り,-1,,,,,緑毛獣の剛毛,3,コンガの剛毛,4,獣骨,6,キラビートル,3
コンガＵレジスト,0,2,5,0,4,7,20,77,2,1,1,-3,4,底力,2,爆弾強化,2,腹減り,-1,,,,,緑毛獣の剛毛,3,コンガの剛毛,4,獣骨,6,キラビートル,3
ゲリョスＳメイル,0,1,5,1,4,7,47,120,-5,2,3,-2,0,スタミナ,3,腹減り,-2,毒,2,,,,,ゴム質の上皮,5,モンスターの濃汁,3,大地の結晶,5,ドスゲネポスの皮,3
ゲリョスＳレジスト,0,2,5,1,4,7,23,78,-4,3,4,-1,1,スタミナ,3,腹減り,-2,毒,3,,,,,ゴム質の上皮,5,モンスターの濃汁,3,大地の結晶,5,ドスゲネポスの皮,3
カブラＳメイル,0,1,5,1,4,7,48,121,3,-5,-4,0,2,防御,2,採取,-3,体力,3,研ぎ師,1,,,鬼蛙の上鱗,3,鬼蛙の尖爪,2,草食竜の堅殻,3,カワズの殿油,3
カブラＳレジスト,0,2,5,1,4,7,24,78,4,-4,-3,1,3,装填速度,1,防御,2,採取,-3,体力,3,,,鬼蛙の上鱗,3,鬼蛙の尖爪,2,草食竜の堅殻,3,カワズの殿油,3
スキュラＳメイル,0,1,5,1,4,7,48,121,-3,3,-3,2,3,達人,1,観察眼,3,腹減り,-3,高速設置,1,毒,1,影蜘蛛の堅鋏角,4,影蜘蛛の堅殻,3,影蜘蛛の上棘,2,モンスターの濃汁,5
スキュラＳレジスト,0,2,5,1,4,7,24,78,-2,4,-2,3,4,達人,1,観察眼,2,腹減り,-3,高速設置,2,毒,1,影蜘蛛の堅鋏角,4,影蜘蛛の堅殻,3,影蜘蛛の上棘,2,モンスターの濃汁,5
ザボアＳメイル,0,1,5,1,5,8,53,124,-4,3,-5,3,0,重撃,2,氷属性攻撃,1,肉食,3,腹減り,-2,,,化け鮫の上ヒレ,2,化け鮫の上鱗,2,化け鮫の皮,3,カワズの殿油,1
ザボアＳレジスト,0,2,5,1,5,8,27,79,-3,4,-4,4,1,重撃,2,氷属性攻撃,1,肉食,3,腹減り,-2,,,化け鮫の上ヒレ,2,化け鮫の上鱗,2,化け鮫の皮,3,カワズの殿油,1
ガララＳメイル,0,1,5,1,5,8,55,124,3,-3,0,-5,3,捕獲,2,聴覚保護,3,気まぐれ,-3,麻痺,1,,,絞蛇竜の上皮,6,絞蛇竜の上鳴甲,5,絞蛇竜の皮,3,強靭な鳥竜皮,3
ガララＳレジスト,0,2,5,1,5,8,28,80,4,-2,1,-4,4,捕獲,2,聴覚保護,3,気まぐれ,-3,麻痺,1,,,絞蛇竜の上皮,6,絞蛇竜の上鳴甲,5,絞蛇竜の皮,3,強靭な鳥竜皮,3
フルフルＳメイル,0,1,5,1,5,8,50,121,-5,1,1,2,1,雷属性攻撃,2,広域,3,回復速度,1,気絶,-1,,,アルビノの霜降り,1,真珠色の柔皮,3,モンスターの濃汁,6,生命の粉塵,3
フルフルＳレジスト,0,2,5,1,5,8,25,79,-4,2,2,3,2,雷属性攻撃,2,広域,3,回復速度,1,気絶,-1,,,アルビノの霜降り,1,真珠色の柔皮,3,モンスターの濃汁,6,生命の粉塵,3
レイアＳメイル,0,1,5,1,5,8,50,121,3,0,-2,0,-4,体力,1,火属性攻撃,1,回復量,4,回復速度,-3,,,雌火竜の上鱗,4,火竜の延髄,1,雌火竜の逆鱗,1,紅蓮石,2
レイアＳレジスト,0,2,5,1,5,8,25,79,4,1,-1,1,-3,体力,1,火属性攻撃,2,回復量,4,回復速度,-2,,,雌火竜の上鱗,4,火竜の延髄,1,雌火竜の逆鱗,1,紅蓮石,2
レウスＳメイル,0,1,5,1,5,8,57,126,3,0,-2,0,-4,攻撃,3,火属性攻撃,2,回復量,-2,,,,,火竜の上鱗,5,火竜の甲殻,4,火竜の翼膜,4,ユニオン鉱石,2
レウスＳレジスト,0,2,5,1,5,8,28,80,4,1,-1,1,-3,攻撃,3,火属性攻撃,2,回復量,-2,,,,,火竜の上鱗,5,火竜の甲殻,4,火竜の翼膜,4,ユニオン鉱石,2
レックスＳメイル,0,1,5,1,5,8,55,124,2,-1,-4,0,-2,攻撃,3,研ぎ師,-2,千里眼,2,食いしん坊,2,,,轟竜の尖爪,4,轟竜の堅殻,6,轟竜の頭殻,1,,
レックスＳレジスト,0,2,5,1,5,8,28,80,3,0,-3,1,-1,反動,-2,攻撃,3,千里眼,2,食いしん坊,2,,,轟竜の尖爪,4,轟竜の堅殻,6,轟竜の頭殻,1,,
ジンオウＳメイル,0,1,5,3,5,8,52,123,0,-2,3,-4,1,本気,1,無傷,2,雷属性攻撃,1,気配,-1,,,雷狼竜の高電毛,4,雷狼竜の堅殻,5,雷狼竜の碧玉,1,雷光虫,20
ジンオウＳレジスト,0,2,5,3,5,8,26,79,1,-1,4,-3,2,本気,1,回避性能,2,雷属性攻撃,1,気配,-1,,,雷狼竜の高電毛,4,雷狼竜の堅殻,5,雷狼竜の碧玉,1,雷光虫,20
セルタスＳメイル,0,1,5,1,5,8,53,124,-4,3,-1,-3,3,砲術,3,斬れ味,2,気力回復,-3,,,,,重甲虫の堅胸殻,4,重甲虫の円月尾,4,重甲エキス,1,上質な腹袋,4
セルタスＳレジスト,0,2,5,1,5,8,27,79,-3,4,0,-2,4,装填速度,3,砲術,3,気力回復,-3,,,,,重甲虫の堅胸殻,4,重甲虫の円月尾,4,重甲エキス,1,上質な腹袋,4
グラビドＳメイル,0,1,5,2,5,8,57,126,3,-4,0,2,-3,防御,1,ガード性能,2,スタミナ,-1,,,,,鎧竜の堅殻,5,鎧竜の翼,2,上竜骨,2,爆炎袋,2
グラビドＳレジスト,0,2,5,2,5,8,29,80,4,-3,1,3,-2,反動,2,防御,1,スタミナ,-1,,,,,鎧竜の堅殻,5,鎧竜の翼,2,上竜骨,2,爆炎袋,2
クックＵメイル,0,1,5,2,4,7,47,120,3,-4,-3,0,2,達人,2,聴覚保護,-2,スタミナ,3,,,,,青怪鳥の上鱗,2,青怪鳥の堅殻,3,強靭な鳥竜皮,1,堅牢な骨,3
クックＵレジスト,0,2,5,2,4,7,23,78,4,-3,-2,1,3,達人,2,聴覚保護,-2,スタミナ,3,,,,,青怪鳥の上鱗,2,青怪鳥の堅殻,3,強靭な鳥竜皮,1,堅牢な骨,3
バサルＳメイル,0,1,5,1,5,99,50,121,-1,-2,1,1,-3,納刀,1,食事,3,腹減り,-2,耐泥耐雪,2,,,岩竜の堅殻,5,紅蓮石,1,猛毒袋,3,ドラグライト鉱石,10
バサルＳレジスト,0,2,5,1,5,99,25,79,0,-1,2,2,-2,納刀,1,食事,3,腹減り,-2,耐泥耐雪,2,,,岩竜の堅殻,5,紅蓮石,1,猛毒袋,3,ドラグライト鉱石,10
ガルルガＳメイル,0,1,5,2,6,9,60,127,3,-4,3,-4,1,剣術,-1,達人,1,聴覚保護,4,斬れ味,2,,,黒狼鳥の上鱗,4,黒狼鳥の堅殻,4,黒狼鳥の翼,4,ドスゲネポスの尾,2
ガルルガＳレジスト,0,2,5,2,6,9,30,80,4,-3,4,-3,2,達人,1,聴覚保護,4,スタミナ,-1,貫通弾強化,2,,,黒狼鳥の上鱗,4,黒狼鳥の堅殻,4,黒狼鳥の翼,4,ドスゲネポスの尾,2
モノブロＳメイル,0,1,5,2,99,8,57,126,0,2,-3,-4,2,攻撃,2,底力,2,加護,-1,,,,,一角竜の堅甲,2,上質な真紅の角,1,一角竜の堅殻,3,モノブロスハート,1
モノブロＳレジスト,0,2,5,2,99,8,29,80,1,3,-2,-3,3,攻撃,2,底力,2,加護,-1,,,,,一角竜の堅甲,2,上質な真紅の角,1,一角竜の堅殻,3,モノブロスハート,1
ブランゴメイル,0,1,5,1,5,99,55,124,-4,2,0,2,1,攻撃,2,耐暑,-2,耐寒,2,耐震,1,,,雪獅子の剛毛,3,雪獅子の髭,3,強靭な鳥竜皮,3,ランポスの上皮,3
ブランゴレジスト,0,2,5,1,5,99,28,80,-3,3,1,3,2,攻撃,2,耐暑,-2,耐寒,2,耐震,1,,,雪獅子の剛毛,3,雪獅子の髭,3,強靭な鳥竜皮,3,ランポスの上皮,3
ガブルメイル,0,1,5,1,5,99,52,123,-2,3,-4,0,1,達人,3,食事,1,回復速度,-2,,,,,灯魚竜の上皮,3,灯魚竜の上棘,1,カワズの殿油,3,鳥竜玉,3
ガブルレジスト,0,2,5,1,5,99,26,79,-1,4,-3,1,2,達人,3,食事,1,回復速度,-2,,,,,灯魚竜の上皮,3,灯魚竜の上棘,1,カワズの殿油,3,鳥竜玉,3
ベリオメイル,0,1,5,2,5,99,57,126,-5,0,-1,3,0,回避性能,2,氷属性攻撃,1,体術,2,気力回復,-2,,,氷牙竜の上毛皮,4,堅牢な骨,4,凍結袋,5,,
ベリオレジスト,0,2,5,2,5,99,29,80,-4,1,0,4,1,回避性能,1,氷属性攻撃,1,体術,2,気力回復,-2,,,氷牙竜の上毛皮,4,堅牢な骨,4,凍結袋,5,,
ハイメタＳメイル,0,1,5,1,99,7,18,114,-2,-2,3,-1,0,防御,3,研ぎ師,2,毒,-2,,,,,※店売り,1,,,,,,
ハイメタＳレジスト,0,2,5,1,99,7,9,75,-1,-1,4,0,1,防御,3,通常弾強化,2,毒,-2,,,,,※店売り,1,,,,,,
イーオスーツボディ,0,1,5,1,5,8,41,116,2,1,1,1,1,運気,2,毒,3,気絶,-2,,,,,イーオスの上鱗,2,ドスイーオスの皮,2,コンガの剛毛,5,上質な鳥竜骨,5
イーオスーツウェア,0,2,5,1,5,8,21,78,3,2,2,2,2,採取,-2,運気,3,火耐性,2,,,,,イーオスの上鱗,2,ドスイーオスの皮,2,コンガの剛毛,5,上質な鳥竜骨,5
オウビートペット,1,1,5,1,5,99,43,118,3,-5,3,-4,2,採取,2,回避性能,2,特殊攻撃,2,耐寒,-2,,,オオツノアゲハ,2,マレコガネ,1,ドスヘラクレス,4,猛毒袋,2
オウビートペクトス,1,2,5,1,5,99,21,78,4,-4,5,-3,2,採取,2,回避性能,2,特殊攻撃,2,耐寒,-2,,,オオツノアゲハ,2,マレコガネ,1,ドスヘラクレス,4,猛毒袋,2
パピメルペット,2,1,5,1,5,99,43,118,3,-5,3,-4,2,採取,2,回避性能,2,特殊攻撃,2,耐寒,-2,,,オオツノアゲハ,2,マレコガネ,1,ドスヘラクレス,4,猛毒袋,2
パピメルペクトス,2,2,5,1,5,99,21,78,4,-4,5,-3,2,採取,2,回避性能,2,特殊攻撃,2,耐寒,-2,,,オオツノアゲハ,2,マレコガネ,1,ドスヘラクレス,4,猛毒袋,2
アーティアＳメイル,0,1,5,2,5,9,51,122,0,-3,-3,2,3,属性解放,1,抜刀会心,2,ガード強化,4,,,,,太古の破片,5,フルクライト鉱石,2,さびた破片,2,ライトクリスタル,6
アーティアＳレジスト,0,2,5,2,5,9,26,79,1,-2,-2,3,4,反動,3,速射,3,装填数,1,,,,,太古の破片,5,フルクライト鉱石,2,さびた破片,2,ライトクリスタル,6
三眼の首飾り,0,0,5,3,4,7,18,77,3,-3,0,0,1,,,,,,,,,,,カブレライト鉱石,3,ノヴァクリスタル,2,,,,
ゴアＳメイル,0,1,6,1,5,99,52,123,-5,3,-3,2,-2,細菌学,2,闘魂,2,火耐性,-2,狂撃耐性,3,,,黒蝕竜の上鱗,3,黒蝕竜の闇玉,1,穢れた竜鱗,5,翼蛇竜の上皮,5
ゴアＳレジスト,0,2,6,1,5,99,26,79,-4,4,-2,3,-1,細菌学,2,闘魂,2,火耐性,-2,狂撃耐性,3,,,黒蝕竜の上鱗,3,黒蝕竜の闇玉,1,穢れた竜鱗,5,翼蛇竜の上皮,5
レギオスＳメイル,0,1,6,0,99,9,58,125,3,0,-3,-2,0,剣術,1,研ぎ師,-1,体術,3,裂傷,4,,,千刃竜の飛刃,4,千刃竜の鋭刃鱗,5,千刃竜の槍尾,1,盾蟹の小殻,5
レギオスＳレジスト,0,2,6,0,99,9,29,80,4,1,-2,-1,1,装填速度,-1,反動,1,体術,3,裂傷,4,,,千刃竜の飛刃,4,千刃竜の鋭刃鱗,5,千刃竜の槍尾,1,盾蟹の小殻,5
ゲリョスＵメイル,0,1,6,2,4,7,48,121,-5,2,3,-2,0,達人,-2,風圧,1,気絶,2,,,,,ゴム質の紫皮,4,モンスターの濃汁,3,大地の結晶,5,ドスヘラクレス,2
ゲリョスＵレジスト,0,2,6,2,4,7,24,78,-4,3,4,-1,1,達人,-2,風圧,1,気絶,2,,,,,ゴム質の紫皮,4,モンスターの濃汁,3,大地の結晶,5,ドスヘラクレス,2
フルフルＵメイル,0,1,6,2,5,8,51,122,1,-5,1,2,1,回復量,1,広域,2,回復速度,-2,,,,,魅惑色の柔皮,3,アルビノの霜降り,1,堅竜骨,1,生命の粉塵,3
フルフルＵレジスト,0,2,6,2,5,8,26,79,2,-4,2,3,2,回復量,1,広域,2,回復速度,-2,,,,,魅惑色の柔皮,3,アルビノの霜降り,1,堅竜骨,1,生命の粉塵,3
リオハートメイル,0,1,6,1,5,8,51,122,3,0,-2,0,-4,底力,2,火属性攻撃,3,風圧,3,気配,-1,,,桜火竜の上鱗,3,桜火竜の堅殻,2,カブレライト鉱石,4,雌火竜の紅玉,1
リオハートレジスト,0,2,6,1,5,8,26,79,4,1,-1,1,-3,底力,2,火属性攻撃,2,風圧,3,気配,-1,,,桜火竜の上鱗,3,桜火竜の堅殻,2,カブレライト鉱石,4,雌火竜の紅玉,1
リオソウルメイル,0,1,6,1,6,9,58,125,3,0,0,-2,-4,達人,3,体力,-3,聴覚保護,2,斬れ味,1,,,蒼火竜の堅殻,3,蒼火竜の上鱗,3,爆炎袋,3,堅竜骨,2
リオソウルレジスト,0,2,6,1,6,9,29,80,4,1,1,-1,-3,達人,3,体力,-3,聴覚保護,2,通常弾強化,1,,,蒼火竜の堅殻,3,蒼火竜の上鱗,3,爆炎袋,3,堅竜骨,2
レックスＵメイル,0,1,6,1,6,9,59,126,2,-4,-2,0,-1,聴覚保護,3,研ぎ師,-1,観察眼,2,食事,3,,,黒轟竜の尖爪,5,黒轟竜の堅殻,4,黒轟竜の鋭牙,2,獄炎石,3
レックスＵレジスト,0,2,6,1,6,9,29,80,3,-3,-1,1,0,反動,-1,聴覚保護,3,観察眼,2,食事,3,,,黒轟竜の尖爪,5,黒轟竜の堅殻,4,黒轟竜の鋭牙,2,獄炎石,3
ジンオウＵメイル,0,1,6,1,6,9,53,124,0,-4,-5,0,4,回避性能,1,溜め短縮,3,無傷,1,龍属性攻撃,2,回復量,-2,獄狼竜の龍毛,4,獄狼竜の堅殻,5,獄狼竜の昏玉,1,龍殺しの実,20
ジンオウＵレジスト,0,2,6,1,6,9,27,79,1,-3,-4,1,5,回避性能,2,無傷,1,装填数,3,龍属性攻撃,2,回復量,-1,獄狼竜の龍毛,4,獄狼竜の堅殻,5,獄狼竜の昏玉,1,龍殺しの実,20
グラビドＵメイル,0,1,6,3,6,9,58,125,3,-5,1,1,1,防御,1,ガード強化,1,スタミナ,-1,,,,,黒鎧竜の堅殻,5,鎧竜の堅殻,2,堅竜骨,2,鎧竜の延髄,1
グラビドＵレジスト,0,2,6,3,6,9,29,80,4,-4,2,2,2,防御,1,ガード強化,1,スタミナ,-1,,,,,黒鎧竜の堅殻,5,鎧竜の堅殻,2,堅竜骨,2,鎧竜の延髄,1
ブラキＳメイル,0,1,6,1,6,9,57,126,3,-4,0,-2,0,抜刀会心,1,闘魂,3,回避性能,-2,底力,1,爆弾強化,2,砕竜の堅殻,4,砕竜の堅黒曜甲,3,砕竜の骨髄,2,堅竜骨,2
ブラキＳレジスト,0,2,6,1,6,9,28,80,4,-3,1,-1,1,速射,1,闘魂,3,回避性能,-2,底力,1,爆弾強化,2,砕竜の堅殻,4,砕竜の堅黒曜甲,3,砕竜の骨髄,2,堅竜骨,2
バンギスメイル,0,1,6,0,7,9,62,127,0,0,-4,1,-4,攻撃,4,斬れ味,1,食事,4,腹減り,-2,,,恐暴竜の大牙,5,恐暴竜の鉤爪,4,恐暴竜の黒皮,5,雷狼竜の逆鱗,1
バンギスレジスト,0,2,6,0,7,9,31,80,1,1,-3,2,-3,反動,2,攻撃,3,食事,4,腹減り,-2,,,恐暴竜の大牙,5,恐暴竜の鉤爪,4,恐暴竜の黒皮,5,雷狼竜の逆鱗,1
バサルＵメイル,0,1,6,1,5,99,53,124,0,-2,0,-3,1,ガード性能,3,耐暑,1,毒,2,麻痺,-2,,,桃岩竜の堅殻,5,獄炎石,1,桃岩竜の翼,1,ドラグライト鉱石,10
バサルＵレジスト,0,2,6,1,5,99,27,79,1,-1,1,-2,2,通常弾強化,2,耐暑,1,毒,2,麻痺,-2,,,桃岩竜の堅殻,5,獄炎石,1,桃岩竜の翼,1,ドラグライト鉱石,10
キリンＳベスト,0,1,6,1,8,99,60,127,-3,-3,5,-1,3,属性解放,2,属性耐性,1,運気,-2,属性攻撃,1,,,キリンの上皮,4,キリンの皮,3,岩竜の涙,1,ノヴァクリスタル,1
キリンＳケープ,0,2,6,1,8,99,30,80,-2,-2,6,0,4,属性解放,2,属性耐性,2,運気,-2,属性攻撃,2,,,キリンの上皮,4,キリンの皮,3,岩竜の涙,1,ノヴァクリスタル,1
ラギアメイル,0,1,6,1,6,99,60,127,-5,1,3,-1,-1,属性解放,1,痛撃,2,特殊攻撃,-2,溜め短縮,2,,,海竜の高電殻,2,海竜の蒼玉,1,蒼火竜の堅殻,2,,
ラギアレジスト,0,2,6,1,6,99,30,80,-4,2,4,0,0,属性解放,3,痛撃,1,特殊攻撃,-2,溜め短縮,1,,,海竜の高電殻,2,海竜の蒼玉,1,蒼火竜の堅殻,2,,
アグナメイル,0,1,6,1,6,99,59,126,3,-5,0,-1,0,ガード性能,2,底力,-2,火属性攻撃,2,燃鱗,3,,,炎戈竜の堅殻,2,炎戈竜の上ヒレ,1,獄炎石,1,,
アグナレジスト,0,2,6,1,6,99,30,80,4,-4,1,0,1,底力,-2,通常弾強化,1,精密射撃,2,火属性攻撃,1,燃鱗,3,炎戈竜の堅殻,2,炎戈竜の上ヒレ,1,獄炎石,1,,
ドーベルメイル,0,1,6,1,4,7,47,120,-2,0,0,0,3,龍属性攻撃,1,気力回復,1,腹減り,-2,耐震,3,,,いにしえの龍骨,3,影蜘蛛の上棘,3,尖竜骨,5,竜骨【小】,20
ドーベルレジスト,0,2,6,1,4,7,24,78,-1,1,1,1,4,装填速度,3,龍属性攻撃,1,気力回復,1,腹減り,-2,,,いにしえの龍骨,3,影蜘蛛の上棘,3,尖竜骨,5,竜骨【小】,20
ホークスーツ,1,1,6,3,5,99,45,120,2,-1,1,0,2,狩人,1,指揮,1,腹減り,-3,,,,,旅団チケット,1,オトモチケット,2,オオクワアゲハ,3,天空の結晶,3
ホークベスト,1,2,6,3,5,99,23,78,3,0,2,1,3,狩人,1,指揮,1,腹減り,-3,,,,,旅団チケット,1,オトモチケット,2,オオクワアゲハ,3,天空の結晶,3
エコールスーツ,2,1,6,3,5,99,45,120,2,-1,1,0,2,狩人,1,指揮,1,腹減り,-3,,,,,旅団チケット,1,オトモチケット,2,オオクワアゲハ,3,天空の結晶,3
エコールベスト,2,2,6,3,5,99,23,78,3,0,2,1,3,狩人,1,指揮,1,腹減り,-3,,,,,旅団チケット,1,オトモチケット,2,オオクワアゲハ,3,天空の結晶,3
ギルドナイトスーツ,1,1,6,2,8,99,52,123,0,0,0,0,0,匠,1,剥ぎ取り,1,広域,4,気配,-1,,,希望の証,1,黒狼鳥の上鱗,4,岩竜の涙,1,,
ギルドナイトベスト,1,2,6,2,8,99,26,79,1,1,1,1,1,剥ぎ取り,1,装填数,1,広域,4,気配,-1,,,希望の証,1,黒狼鳥の上鱗,4,岩竜の涙,1,,
メイドスーツ,2,1,6,2,8,99,52,123,0,0,0,0,0,匠,1,剥ぎ取り,1,広域,4,気配,-1,,,希望の証,1,黒狼鳥の上鱗,4,岩竜の涙,1,,
メイドベスト,2,2,6,2,8,99,26,79,1,1,1,1,1,剥ぎ取り,1,装填数,1,広域,4,気配,-1,,,希望の証,1,黒狼鳥の上鱗,4,岩竜の涙,1,,
ユクモノドウギ・天,0,1,6,2,8,99,60,127,-1,0,2,0,0,匠,1,研ぎ師,1,回復量,2,加護,2,,,蛇王龍の鋼皮,3,凶星の破片,1,蛇王龍の胸殻,3,,
ユクモノドウギ・地,0,2,6,2,8,99,30,80,0,1,3,1,1,装填速度,1,装填数,1,回復量,2,加護,2,,,蛇王龍の鋼皮,3,凶星の破片,1,蛇王龍の胸殻,3,,
城塞遊撃隊【胴巻】,0,1,6,0,6,99,53,124,0,0,0,0,0,匠,1,剥ぎ取り,3,根性,2,回復量,3,気配,-2,飛竜のコイン,2,狩猟王のコイン,3,電撃袋,4,,
城塞弓撃隊【胴巻】,0,2,6,0,6,99,27,79,1,1,1,1,1,剥ぎ取り,3,根性,2,装填数,1,回復量,2,気配,-3,飛竜のコイン,2,狩猟王のコイン,3,電撃袋,4,,
クロオビメイル,0,1,6,1,8,99,55,124,2,2,2,2,2,匠,2,狩人,2,腹減り,-2,,,,,金獅子の黒毛,1,撃龍王のコイン,2,飛竜のコイン,2,牙竜のコイン,3
クロオビレジスト,0,2,6,1,8,99,28,80,3,3,3,3,3,装填数,2,狩人,2,腹減り,-2,,,,,金獅子の黒毛,1,撃龍王のコイン,2,飛竜のコイン,2,牙竜のコイン,3
セイラースーツ,2,1,6,2,8,99,60,127,0,2,0,-2,0,運気,2,広域,4,気配,-1,,,,,希望の証,1,狩猟王のコイン,2,飛竜のコイン,5,闘技王のコイン,5
セイラーベスト,2,2,6,2,8,99,30,80,1,3,1,-1,1,運気,2,広域,4,気配,-1,,,,,希望の証,1,狩猟王のコイン,2,飛竜のコイン,5,闘技王のコイン,5
アークＳメイル,1,1,7,1,7,99,65,128,-4,4,0,3,-6,頑強,2,本気,2,火耐性,-2,狂撃耐性,2,,,天廻龍の上鱗,3,天廻龍の光玉,1,純白の龍鱗,1,ユニオン鉱石,3
アークＳレジスト,1,2,7,1,7,99,33,81,-3,5,1,4,-5,頑強,2,本気,2,火耐性,-2,狂撃耐性,2,,,天廻龍の上鱗,3,天廻龍の光玉,1,純白の龍鱗,1,ユニオン鉱石,3
フィリアＳメイル,2,1,7,1,7,99,65,128,-4,4,0,3,-6,頑強,2,本気,2,火耐性,-2,狂撃耐性,2,,,天廻龍の上鱗,3,天廻龍の光玉,1,純白の龍鱗,1,ユニオン鉱石,3
フィリアＳレジスト,2,2,7,1,7,99,33,81,-3,5,1,4,-5,頑強,2,本気,2,火耐性,-2,狂撃耐性,2,,,天廻龍の上鱗,3,天廻龍の光玉,1,純白の龍鱗,1,ユニオン鉱石,3
金色ノ羽織,0,1,7,0,7,99,65,128,2,1,3,-6,2,匠,1,本気,3,闘魂,1,スタミナ,-2,,,金獅子の尖角,1,黄金の毛,1,金獅子の黒毛,4,鋼の龍鱗,2
黒子ノ装束,0,2,7,0,7,99,33,81,3,2,4,-5,3,装填速度,1,本気,3,闘魂,1,スタミナ,-2,,,金獅子の尖角,1,黄金の毛,1,金獅子の黒毛,4,鋼の龍鱗,2
怒天ノ羽織,0,1,7,2,7,99,81,134,2,1,4,-7,2,本気,2,闘魂,1,スタミナ,-2,,,,,金獅子の怒髪,3,金獅子の闘魂,1,金獅子の鋭牙,2,金火竜の上鱗,2
心滅ノ装束,0,2,7,2,7,99,41,83,3,2,5,-6,3,本気,2,闘魂,1,スタミナ,-2,,,,,金獅子の怒髪,3,金獅子の闘魂,1,金獅子の鋭牙,2,金火竜の上鱗,2
クシャナディール,0,1,7,1,7,99,68,131,-2,2,-5,5,-6,匠,1,溜め短縮,1,耐暑,4,毒,-2,,,鋼龍の堅殻,4,鋼龍の翼膜,2,カブレライト鉱石,4,古龍の血,2
クシャナバダル,0,2,7,1,7,99,34,81,-1,3,-4,6,-5,溜め短縮,1,装填数,1,耐暑,4,毒,-2,,,鋼龍の堅殻,4,鋼龍の翼膜,2,カブレライト鉱石,4,古龍の血,2
カイザーメイル,0,1,7,2,7,99,68,131,4,-6,1,-2,-2,細菌学,1,属性解放,1,剣術,2,耐寒,-3,,,炎龍の塵粉,2,炎王龍の堅殻,4,獄炎石,3,古龍の血,3
カイザーレジスト,0,2,7,2,7,99,34,81,5,-5,2,-1,-1,細菌学,1,属性解放,1,装填速度,3,耐寒,-2,,,炎龍の塵粉,2,炎王龍の堅殻,4,獄炎石,3,古龍の血,3
残陽・覇【胴当て】,1,1,7,0,7,99,64,127,3,2,-4,3,-4,抜刀会心,1,不動,1,達人,4,底力,-3,,,豪山龍の堅岩殻,6,豪龍岩,4,古龍の血,1,勇気の証Ｇ,1
東雲・覇【胴当て】,1,2,7,1,7,99,32,80,4,3,-3,4,-3,装填速度,-3,速射,1,不動,1,貫通弾強化,1,,,豪山龍の堅岩殻,6,豪龍岩,4,古龍の血,1,勇気の証Ｇ,1
常磐・覇【胸当て】,2,1,7,0,7,99,64,127,3,2,-4,3,-4,抜刀会心,1,不動,1,達人,4,底力,-3,,,豪山龍の堅岩殻,6,豪龍岩,4,古龍の血,1,勇気の証Ｇ,1
八千代・覇【胸当て】,2,2,7,1,7,99,32,80,4,3,-3,4,-3,装填速度,-3,速射,1,不動,1,貫通弾強化,1,,,豪山龍の堅岩殻,6,豪龍岩,4,古龍の血,1,勇気の証Ｇ,1
リベリオンメイル,0,1,7,1,8,99,69,132,3,3,-2,-2,-3,刀匠,3,怒,1,攻撃,-4,,,,,蛇王龍の鋼皮,5,蛇王龍の胸殻,3,蛇王龍の剣鱗,2,天廻龍の光玉,1
ライオットレジスト,0,2,7,1,8,99,35,81,4,4,-1,-1,-2,射手,3,怒,1,攻撃,-4,,,,,蛇王龍の鋼皮,5,蛇王龍の胸殻,3,蛇王龍の剣鱗,2,天廻龍の光玉,1
アカムトウルンテ,0,1,7,1,7,99,65,128,4,0,-3,2,-5,匠,2,達人,3,聴覚保護,1,斬れ味,-2,,,覇竜の大牙,3,覇竜の大棘,2,覇竜の上鱗,4,火竜の紅玉,1
アカムトウルンペ,0,2,7,1,7,99,33,81,5,1,-2,3,-4,装填速度,-2,達人,3,聴覚保護,1,装填数,2,,,覇竜の大牙,3,覇竜の大棘,2,覇竜の上鱗,4,火竜の紅玉,1
シルバーソルメイル,0,1,7,3,7,10,81,134,2,-7,-4,0,4,痛撃,1,斬れ味,2,回復量,-2,,,,,銀火竜の堅殻,5,銀火竜の上鱗,6,火竜の翼,3,堅竜骨,3
シルバーソルレジスト,0,2,7,3,7,10,41,83,3,-6,-3,1,5,痛撃,1,貫通弾強化,2,回復量,-2,,,,,銀火竜の堅殻,5,銀火竜の上鱗,6,火竜の翼,3,堅竜骨,3
ゴールドルナメイル,0,1,7,2,7,10,81,134,2,-4,-7,0,4,運気,2,重撃,1,雷耐性,-2,加護,2,,,金火竜の上鱗,5,火竜の延髄,5,雌火竜の逆鱗,2,フルクライト鉱石,4
ゴールドルナレジスト,0,2,7,2,7,10,41,83,3,-3,-6,1,5,運気,2,重撃,1,雷耐性,-2,加護,1,,,金火竜の上鱗,5,火竜の延髄,5,雌火竜の逆鱗,2,フルクライト鉱石,4
グリードメイル,0,1,7,0,7,10,64,127,-1,-1,-3,-1,-1,攻撃,4,斬れ味,3,食事,2,腹減り,-2,,,歴戦の漆黒皮,5,恐暴竜の鉤爪,4,恐暴竜の大牙,2,古龍の血,1
グリードレジスト,0,2,7,0,7,10,32,80,0,0,-2,0,0,反動,3,攻撃,3,食事,2,腹減り,-2,,,歴戦の漆黒皮,5,恐暴竜の鉤爪,4,恐暴竜の大牙,2,古龍の血,1
エクスゼロメイル,0,1,7,1,8,99,81,134,3,-5,2,-3,1,聴覚保護,3,研ぎ師,-2,食事,3,,,,,大轟竜の爆爪,4,大轟竜の堅殻,6,轟竜のアギト,1,覇竜の宝玉,1
エクスゼロレジスト,0,2,7,1,8,99,41,83,4,-4,3,-2,2,反動,-2,聴覚保護,3,食事,4,,,,,大轟竜の爆爪,4,大轟竜の堅殻,6,轟竜のアギト,1,覇竜の宝玉,1
ドラゴンハイド,0,1,7,2,8,99,84,136,-3,2,2,-1,-6,痛撃,2,達人,-3,斬れ味,2,,,,,黒龍の角,2,黒龍の甲殻,4,黒龍の鱗,4,火竜の紅玉,1
ドラゴンスキン,0,2,7,2,8,99,42,83,-2,3,3,0,-5,痛撃,2,達人,-3,貫通弾強化,2,,,,,黒龍の角,2,黒龍の甲殻,4,黒龍の鱗,4,火竜の紅玉,1
ミラバルハイド,0,1,7,0,8,10,86,138,2,-1,1,-3,-7,怒,1,防御,-3,斬れ味,2,スタミナ,3,,,黒龍の紅角,2,黒龍の紅殻,5,黒龍の紅鱗,4,獄狼竜の昏玉,1
ミラバルスキン,0,2,7,0,8,10,43,84,3,0,2,-2,-6,怒,1,防御,-3,スタミナ,3,通常弾強化,2,,,黒龍の紅角,2,黒龍の紅殻,5,黒龍の紅鱗,4,獄狼竜の昏玉,1
キリンＵベスト,0,1,7,2,8,10,65,128,-3,-3,-1,6,3,属性耐性,2,運気,-2,氷属性攻撃,1,属性攻撃,1,,,キリンの霜尾,3,キリンの上皮,6,古龍の血,3,立派なクチバシ,1
キリンＵケープ,0,2,7,2,8,10,33,81,-2,-2,0,7,4,属性耐性,2,運気,-2,氷属性攻撃,1,属性攻撃,1,,,キリンの霜尾,3,キリンの上皮,6,古龍の血,3,立派なクチバシ,1
ウカムルウルンテ,0,1,7,1,8,99,67,130,-5,0,-3,4,-2,刀匠,2,達人,-4,底力,2,耐泥耐雪,1,,,崩竜の削顎,3,崩竜の堅殻,2,純白の龍鱗,6,,
ウカムルウルンペ,0,2,7,1,8,99,34,81,-4,1,-2,5,-1,射手,2,達人,-4,底力,2,耐泥耐雪,1,,,崩竜の削顎,3,崩竜の堅殻,2,純白の龍鱗,6,,
金剛【胴当て】,0,1,7,1,8,99,82,136,-2,3,2,2,-2,運気,2,ガード性能,2,火耐性,-2,耐震,2,,,砦蟹の尖爪,1,鋼龍の堅殻,3,マレコガネ,2,,
不動【胴当て】,0,2,7,1,8,99,41,83,0,5,3,3,-1,反動,2,運気,2,火耐性,-2,耐震,2,,,砦蟹の尖爪,1,鋼龍の堅殻,3,マレコガネ,2,,
夜叉【羽衣】,0,1,7,1,8,99,68,131,2,2,0,-2,-2,剣術,2,属性耐性,1,底力,-2,加護,2,,,神龍苔,2,浮岳龍の体液,4,古龍骨,5,希望の証,1
修羅【羽衣】,0,2,7,1,8,99,34,81,3,4,2,-1,-1,属性耐性,1,底力,-2,装填数,2,加護,2,,,神龍苔,2,浮岳龍の体液,4,古龍骨,5,希望の証,1
エンプレスメイル,0,1,7,0,7,99,68,131,4,-2,1,-6,-2,匠,1,達人,3,ガード性能,2,火属性攻撃,2,耐寒,-3,炎妃龍のたてがみ,2,獄炎の龍鱗,6,炎王龍の尖角,1,炎龍の宝玉,1
エンプレスレジスト,0,2,7,0,7,99,34,81,5,-1,2,-5,-1,達人,3,ガード強化,2,装填数,1,通常弾強化,2,耐寒,-3,炎妃龍のたてがみ,2,獄炎の龍鱗,6,炎王龍の尖角,1,炎龍の宝玉,1
ミヅハ【胸当て】,0,1,7,1,8,99,69,132,-4,3,0,4,-1,属性解放,2,聴覚保護,1,風圧,4,耐暑,-2,,,霞龍の上皮,2,霞龍の尻尾,1,獄炎石,2,,
トヨタマ【胸当て】,0,2,7,1,8,99,35,81,-3,4,1,5,0,属性解放,2,聴覚保護,1,風圧,4,耐暑,-2,,,霞龍の上皮,2,霞龍の尻尾,1,獄炎石,2,,
ヘリオスメイル,1,1,7,1,8,99,84,136,0,3,-2,1,-5,聴覚保護,1,重撃,2,水属性攻撃,3,加護,-2,,,大海龍の甲皮,2,湾曲した龍角,1,濃縮重甲エキス,1,,
ヘリオスレジスト,1,2,7,1,8,99,42,83,1,4,-1,2,-4,聴覚保護,2,重撃,2,水属性攻撃,3,加護,-2,,,大海龍の甲皮,2,湾曲した龍角,1,濃縮重甲エキス,1,,
セレネメイル,2,1,7,1,8,99,84,136,0,3,-2,1,-5,聴覚保護,1,重撃,2,水属性攻撃,3,加護,-2,,,大海龍の甲皮,2,湾曲した龍角,1,濃縮重甲エキス,1,,
セレネレジスト,2,2,7,1,8,99,42,83,1,4,-1,2,-4,聴覚保護,2,重撃,2,水属性攻撃,3,加護,-2,,,大海龍の甲皮,2,湾曲した龍角,1,濃縮重甲エキス,1,,
エスカドラソウル,0,1,7,0,8,99,86,138,-3,-2,3,3,-2,本気,2,属性耐性,2,回避距離,1,属性攻撃,3,気絶,-2,煌黒龍の逆鱗,2,煌黒龍の翼膜,3,覇竜の宝玉,1,,
エスカドラゼーレ,0,2,7,0,8,99,43,84,-2,-1,4,4,-1,本気,3,属性耐性,1,回避距離,1,属性攻撃,2,気絶,-2,煌黒龍の逆鱗,2,煌黒龍の翼膜,3,覇竜の宝玉,1,,
EXレイアメイル,0,1,7,1,8,10,50,121,3,0,-2,0,-4,頑強,3,匠,1,回復量,3,気力回復,-2,,,希望の証,1,雌火竜の上鱗,5,雌火竜の逆鱗,1,ユニオン鉱石,3
EXレイアレジスト,0,2,7,1,8,10,25,79,4,1,-1,1,-3,頑強,3,装填数,1,回復量,3,気力回復,-2,,,希望の証,1,雌火竜の上鱗,5,雌火竜の逆鱗,1,ユニオン鉱石,3
EXレウスメイル,0,1,7,0,8,10,57,126,3,0,-2,0,-4,剛撃,2,匠,1,気力回復,-4,狩人,3,,,希望の証,1,火竜の上鱗,5,火竜の逆鱗,1,フルクライト鉱石,3
EXレウスレジスト,0,2,7,0,8,10,28,80,4,1,-1,1,-3,剛撃,2,装填数,1,気力回復,-4,狩人,3,,,希望の証,1,火竜の上鱗,5,火竜の逆鱗,1,フルクライト鉱石,3
EXクシャナディール,0,1,7,0,8,99,82,136,-3,3,-6,6,-7,溜め短縮,1,火耐性,5,耐暑,4,毒,-2,,,鋼龍チケット,1,鋼龍の尖爪,4,銀火竜の上鱗,6,古龍骨,3
EXクシャナバダル,0,2,7,0,8,99,41,83,-2,4,-5,7,-6,溜め短縮,1,火耐性,5,耐暑,4,毒,-2,,,鋼龍チケット,1,鋼龍の尖爪,4,銀火竜の上鱗,6,古龍骨,3
EXカイザーメイル,0,1,7,0,8,99,82,136,5,-7,2,-2,-4,属性解放,1,達人,5,耐寒,-2,,,,,炎王龍チケット,1,炎王龍の堅殻,6,蛇王龍の胸殻,3,古龍骨,3
EXカイザーレジスト,0,2,7,0,8,99,41,83,6,-6,3,-1,-3,属性解放,1,達人,5,耐寒,-2,,,,,炎王龍チケット,1,炎王龍の堅殻,6,蛇王龍の胸殻,3,古龍骨,3
EXレックスメイル,0,1,7,1,8,99,82,136,3,-1,-5,0,-3,攻撃,3,研ぎ師,-2,千里眼,2,食いしん坊,2,,,探求者の証,1,轟竜の尖爪,5,覇竜の上鱗,6,天空の結晶,8
EXレックスレジスト,0,2,7,1,8,99,41,83,4,0,-4,1,-2,反動,-2,攻撃,3,千里眼,2,食いしん坊,2,,,探求者の証,1,轟竜の尖爪,5,覇竜の上鱗,6,天空の結晶,8
大和【胴当て】,1,1,7,1,8,99,67,130,3,1,0,-4,-4,防御,2,達人,4,底力,-2,溜め短縮,1,,,希望の証,1,豪山龍の堅岩殻,6,荒々しい龍尖角,4,古龍の血,1
陸奥【胴当て】,1,2,7,1,8,99,34,81,4,2,1,-3,-3,装填速度,-2,反動,1,防御,4,貫通弾強化,2,,,希望の証,1,豪山龍の堅岩殻,6,荒々しい龍尖角,4,古龍の血,1
日向【胸当て】,2,1,7,1,8,99,67,130,3,1,0,-4,-4,防御,2,達人,4,底力,-2,溜め短縮,1,,,希望の証,1,豪山龍の堅岩殻,6,荒々しい龍尖角,4,古龍の血,1
天城【胸当て】,2,2,7,1,8,99,34,81,4,2,1,-3,-3,装填速度,-2,反動,1,防御,4,貫通弾強化,2,,,希望の証,1,豪山龍の堅岩殻,6,荒々しい龍尖角,4,古龍の血,1
忍の装束・天,0,1,7,2,8,99,81,134,2,-6,4,-3,2,防御,-2,回避性能,2,属性攻撃,2,,,,,希望の証Ｇ,1,勇気の証Ｇ,1,マレコガネ,3,天廻龍の上鱗,5
忍の装束・地,0,2,7,2,8,99,41,83,3,-5,5,-2,3,防御,-2,回避性能,2,属性攻撃,2,,,,,希望の証Ｇ,1,勇気の証Ｇ,1,マレコガネ,3,天廻龍の上鱗,5
モンハン部ジャケット,0,1,7,0,1,99,15,115,3,3,3,3,3,加護,10,,,,,,,,,モンハン部入部届,3,縞模様の皮,3,翼蛇竜の皮,3,ギルドチケット,1
モンハン部ジャージ,0,2,7,0,1,99,8,71,4,4,4,4,4,加護,10,,,,,,,,,モンハン部入部届,3,縞模様の皮,3,翼蛇竜の皮,3,ギルドチケット,1
狩猟戦線ジャケット,0,1,7,0,1,99,15,115,2,2,2,2,2,本気,10,,,,,,,,,モンハン部入部届,1,縞模様の皮,4,翼蛇竜の頭,2,ギルドチケット,1
狩猟戦線ライダース,0,2,7,0,1,99,8,71,3,3,3,3,3,本気,10,,,,,,,,,モンハン部入部届,1,縞模様の皮,4,翼蛇竜の頭,2,ギルドチケット,1
武装戦線ジャケット,0,1,7,0,1,99,23,115,2,2,2,2,2,逆境,10,,,,,,,,,武装への招待状,2,重甲虫の胸殻,1,徹甲虫の甲殻,3,重甲エキス,1
武装戦線ライダース,0,2,7,0,1,99,12,71,3,3,3,3,3,逆境,10,,,,,,,,,武装への招待状,2,重甲虫の胸殻,1,徹甲虫の甲殻,3,重甲エキス,1
ブルースタースーツ,0,1,7,2,1,99,26,116,1,1,1,1,1,闘魂,2,水属性攻撃,2,采配,1,,,,,スタジオパス,1,火竜の甲殻,4,火竜の延髄,2,狂竜結晶,2
ブルースターベスト,0,2,7,2,1,99,13,72,2,2,2,2,2,闘魂,1,水属性攻撃,2,采配,1,,,,,スタジオパス,1,火竜の甲殻,4,火竜の延髄,2,狂竜結晶,2
キャプテンＪスーツ,0,1,7,0,4,99,26,105,-3,-3,-3,-3,-3,剥ぎ取り,3,運気,2,捕獲,2,加護,-3,,,海賊Ｊチケット,1,獄狼竜の堅殻,5,獄狼竜の龍殻,2,蝕龍蟲,3
キャプテンＪベスト,0,2,7,0,4,99,13,65,-2,-2,-2,-2,-2,剥ぎ取り,3,運気,1,捕獲,2,加護,-3,,,海賊Ｊチケット,1,獄狼竜の堅殻,5,獄狼竜の龍殻,2,蝕龍蟲,3
狩猟迷彩ジャージ,0,1,7,0,4,99,26,116,2,2,2,2,2,剥ぎ取り,10,,,,,,,,,モンハン部認定証,3,桃毛獣の剛毛,3,白兎獣の大耳,2,狂竜結晶,2
狩猟迷彩ジャケット,0,2,7,0,4,99,13,72,3,3,3,3,3,剥ぎ取り,10,,,,,,,,,モンハン部認定証,3,桃毛獣の剛毛,3,白兎獣の大耳,2,狂竜結晶,2
伝説Ｊスーツ,0,1,7,0,8,99,44,105,-4,-4,-4,-4,-4,強欲,3,剥ぎ取り,2,加護,-4,,,,,伝説Ｊの海賊帽,1,炎龍の尖爪,4,炎王龍の堅殻,4,炎龍の宝玉,1
伝説Ｊベスト,0,2,7,0,8,99,22,65,-3,-3,-3,-3,-3,強欲,3,剥ぎ取り,2,加護,-4,,,,,伝説Ｊの海賊帽,1,炎龍の尖爪,4,炎王龍の堅殻,4,炎龍の宝玉,1
坊屋ジャケット,0,1,7,0,4,99,44,116,1,1,1,1,1,攻撃,5,気力回復,3,気配,-3,,,,,鈴蘭最強の証,2,ギルドチケットＳ,1,イーオスの上鱗,6,ドスイーオスの頭,3
坊屋ジャンパー,0,2,7,0,4,99,22,72,2,2,2,2,2,攻撃,5,気力回復,3,気配,-3,,,,,鈴蘭最強の証,2,ギルドチケットＳ,1,イーオスの上鱗,6,ドスイーオスの頭,3
ユニクロジャンパー,0,1,7,1,4,99,44,118,-3,1,0,4,0,聴覚保護,2,回避距離,3,食事,-2,耐寒,2,,,ユニクロチケット,2,轟竜のアギト,3,狂竜結晶,2,狂竜結晶の欠片,2
ユニクロパーカー,0,2,7,1,4,99,22,73,-2,2,1,5,1,聴覚保護,2,回避距離,3,食事,-2,耐寒,2,,,ユニクロチケット,2,轟竜のアギト,3,狂竜結晶,2,狂竜結晶の欠片,2
スタールークメイル,0,1,7,3,4,99,52,120,0,0,0,0,0,闘魂,1,不動,1,乗り,3,,,,,スタジオＧパス,1,金火竜の上鱗,3,蒼火竜の堅殻,4,火竜の煌液,2
スタールークレジスト,0,2,7,3,4,99,26,73,1,1,1,1,1,闘魂,1,不動,1,乗り,2,,,,,スタジオＧパス,1,金火竜の上鱗,3,蒼火竜の堅殻,4,火竜の煌液,2
ゾディアスメイル,0,1,7,1,4,99,52,122,1,1,1,1,1,潔癖,3,剣術,2,乗り,-3,,,,,冥天の星くず,1,鋼龍の尖爪,2,鋼龍の翼膜,2,ギルドチケットＧ,1
ゾディアスレジスト,0,2,7,1,4,99,26,73,2,2,2,2,2,潔癖,3,装填数,2,乗り,-3,,,,,冥天の星くず,1,鋼龍の尖爪,2,鋼龍の翼膜,2,ギルドチケットＧ,1
勇者の服,0,1,7,1,5,99,52,122,2,2,2,2,2,属性解放,2,運気,1,体力,4,腹減り,-3,,,トライフォース,1,雌火竜の翼膜,3,雌火竜の堅殻,4,キリンの雷尾,2
勇者の衣,0,2,7,1,5,99,26,73,3,3,3,3,3,属性解放,2,運気,1,体力,4,腹減り,-3,,,トライフォース,1,雌火竜の翼膜,3,雌火竜の堅殻,4,キリンの雷尾,2
地上最強の胴着,0,1,7,0,4,99,52,105,6,6,6,6,6,闘魂,4,底力,2,気配,-5,,,,,地上最強の証明,1,恐暴竜の黒皮,3,恐暴竜の黒鱗,2,恐暴竜の宝玉,1
地上最強の胴衣,0,2,7,0,4,99,26,65,7,7,7,7,7,闘魂,4,底力,2,気配,-5,,,,,地上最強の証明,1,恐暴竜の黒皮,3,恐暴竜の黒鱗,2,恐暴竜の宝玉,1
EXキリンＵベスト,0,1,7,2,7,99,1,134,0,0,1,6,3,属性解放,2,属性耐性,1,運気,-2,属性攻撃,2,,,幻獣チケット,1,キリンの上皮,4,岩竜の涙,2,ギルドチケットＧ,1
EXキリンＵケープ,0,2,7,2,7,99,1,72,1,1,2,7,4,属性解放,2,属性耐性,2,運気,-2,属性攻撃,1,,,幻獣チケット,1,キリンの上皮,4,岩竜の涙,2,ギルドチケットＧ,1
EXインゴットメイル,0,1,7,2,5,99,41,116,-2,-2,2,0,0,砲術,2,ガード強化,2,納刀,1,気まぐれ,-2,,,蛇と蛙チケット,1,フルクライト鉱石,20,竜玉,4,ギルドチケットＳ,1
EXインゴットレジスト,0,2,7,2,5,99,21,78,-1,-1,3,1,1,反動,1,砲術,2,散弾強化,2,気まぐれ,-2,,,蛇と蛙チケット,1,フルクライト鉱石,20,竜玉,4,ギルドチケットＳ,1
EXアーティアメイル,0,1,7,1,8,99,52,123,0,-3,-3,2,3,抜刀会心,2,ガード強化,1,研ぎ師,-3,気力回復,3,,,金獅子チケット,1,太古の破片,6,金獅子の闘魂,1,ギルドチケットＧ,1
EXアーティアレジスト,0,2,7,1,8,99,26,79,1,-2,-2,3,4,装填速度,-3,反動,1,装填数,2,精密射撃,3,,,金獅子チケット,1,太古の破片,6,金獅子の闘魂,1,ギルドチケットＧ,1
EXゴアメイル,0,1,7,1,8,99,58,125,-5,3,-3,2,-2,細菌学,2,頑強,2,闘魂,2,火耐性,-3,,,黒蝕竜チケット,1,黒蝕竜の堅殻,5,天廻龍の光玉,2,ギルドチケットＧ,1
EXゴアレジスト,0,2,7,1,8,99,29,80,-4,4,-2,3,-1,細菌学,2,頑強,2,闘魂,2,火耐性,-3,,,黒蝕竜チケット,1,黒蝕竜の堅殻,5,天廻龍の光玉,2,ギルドチケットＧ,1
EXリベリオンメイル,0,1,7,1,8,99,81,134,3,3,-2,-2,-3,怒,1,剛撃,2,攻撃,-4,狂撃耐性,1,,,蛇王龍チケット,1,蛇王龍の胸殻,4,天廻龍の光玉,3,ギルドチケットＧ,2
EXライオットレジスト,0,2,7,1,8,99,41,83,4,4,-1,-1,-2,怒,1,剛撃,2,攻撃,-4,狂撃耐性,1,,,蛇王龍チケット,1,蛇王龍の胸殻,4,天廻龍の光玉,3,ギルドチケットＧ,2
パティシエスーツ,0,1,7,2,4,99,58,125,4,2,2,2,-5,効果持続,1,火属性攻撃,3,食欲,2,,,,,ユクモチケット,1,千刃竜の鋭刃鱗,3,白兎獣の堅腹甲,2,お食事券,2
パティシエベスト,0,2,7,2,4,99,29,80,5,3,3,3,-4,効果持続,1,火属性攻撃,3,食欲,2,,,,,ユクモチケット,1,千刃竜の鋭刃鱗,3,白兎獣の堅腹甲,2,お食事券,2
ブナハＸスーツ,0,1,8,0,9,99,72,129,-5,-1,2,-1,3,属性解放,2,攻撃,-2,特殊攻撃,2,納刀,2,麻痺,1,飛甲虫の斬羽,2,飛甲虫の堅殻,2,モンスターの特濃,2,皇帝バッタ,2
ブナハＸベスト,0,2,8,0,9,99,38,84,-4,0,3,0,4,属性解放,2,攻撃,-2,特殊攻撃,2,納刀,2,麻痺,1,飛甲虫の斬羽,2,飛甲虫の堅殻,2,モンスターの特濃,2,皇帝バッタ,2
ズワロＸマント,0,1,8,0,9,99,70,127,-4,3,0,-2,2,体力,9,回復速度,6,,,,,,,極上の毛皮,4,垂皮竜の上皮,5,,,,
ズワロＸケープ,0,2,8,0,9,99,36,82,-3,4,1,-1,3,体力,8,回復速度,6,,,,,,,極上の毛皮,4,垂皮竜の上皮,5,,,,
リノプロＸメイル,0,1,8,1,9,99,70,127,2,-1,-1,-1,1,砲術,2,KO,1,気絶,-3,耐泥耐雪,2,,,草食竜の重骨,1,草食竜の堅殻,1,エルトライト鉱石,2,,
リノプロＸレジスト,0,2,8,1,9,99,36,82,3,0,0,0,2,砲術,3,KO,1,気絶,-3,耐泥耐雪,2,,,草食竜の重骨,1,草食竜の堅殻,1,エルトライト鉱石,2,,
イーオスＸメイル,0,1,8,2,9,99,80,135,0,-4,-4,3,3,特殊攻撃,3,毒,1,気絶,-2,,,,,イーオスの厚皮,3,イーオスの上鱗,2,エルトライト鉱石,4,重厚な骨,3
イーオスＸレジスト,0,2,8,2,9,99,43,88,1,-3,-3,4,4,特殊攻撃,3,毒,1,気絶,-2,,,,,イーオスの厚皮,3,イーオスの上鱗,2,エルトライト鉱石,4,重厚な骨,3
ガレオスＸメイル,0,1,8,2,9,99,74,131,3,0,-2,-3,1,運気,3,千里眼,2,耐暑,2,腹減り,2,気絶,-2,砂竜の厚鱗,4,砂竜の桃ヒレ,1,砂竜の特上ヒレ,5,砂竜の重牙,3
ガレオスＸレジスト,0,2,8,2,9,99,40,86,4,1,-1,-2,2,運気,3,千里眼,3,耐暑,2,腹減り,2,気絶,-2,砂竜の厚鱗,4,砂竜の桃ヒレ,1,砂竜の特上ヒレ,5,砂竜の重牙,3
ウルクＸメイル,0,1,8,1,9,99,80,135,-3,2,-1,2,2,回避距離,2,納刀,1,効果持続,2,耐暑,-2,耐寒,2,白兎獣の豪剛毛,3,白兎獣の堅腹甲,3,堅牢な鳥竜骨,5,ユニオン鉱石,4
ウルクＸレジスト,0,2,8,1,9,99,43,88,-2,3,0,3,3,回避距離,2,納刀,1,効果持続,2,耐暑,-2,耐寒,2,白兎獣の豪剛毛,3,白兎獣の堅腹甲,3,堅牢な鳥竜骨,5,ユニオン鉱石,4
ケチャＸメイル,0,1,8,2,9,99,74,131,-5,3,-3,0,3,運気,-1,水属性攻撃,2,体術,1,気まぐれ,3,,,奇猿狐の地獄耳,2,奇猿狐の豪剛毛,2,重厚な骨,1,皇帝バッタ,2
ケチャＸレジスト,0,2,8,2,9,99,40,86,-4,4,-2,1,4,運気,-1,水属性攻撃,2,体術,1,気まぐれ,3,,,奇猿狐の地獄耳,2,奇猿狐の豪剛毛,2,重厚な骨,1,皇帝バッタ,2
ケチャＺメイル,0,1,8,2,9,99,76,133,3,-5,-2,-3,3,対防御DOWN,2,火属性攻撃,5,水耐性,-1,体術,2,,,白猿狐の地獄耳,2,白猿狐の豪剛毛,2,重厚な骨,1,皇帝バッタ,2
ケチャＺレジスト,0,2,8,2,9,99,41,87,4,-4,-1,-2,4,対防御DOWN,2,火属性攻撃,5,水耐性,-1,体術,2,,,白猿狐の地獄耳,2,白猿狐の豪剛毛,2,重厚な骨,1,皇帝バッタ,2
コンガＸメイル,0,1,8,0,9,99,74,131,-4,1,1,-1,3,細菌学,3,特殊攻撃,1,食いしん坊,4,腹減り,-2,茸食,1,桃毛獣の豪剛毛,3,コンガの剛毛,4,草食竜の重骨,4,皇帝バッタ,3
コンガＸレジスト,0,2,8,0,9,99,40,86,-3,2,2,0,4,細菌学,3,特殊攻撃,1,食いしん坊,4,腹減り,-2,茸食,1,桃毛獣の豪剛毛,3,コンガの剛毛,4,草食竜の重骨,4,皇帝バッタ,3
コンガＺメイル,0,1,8,1,9,99,76,133,1,0,0,-4,3,痛撃,1,底力,4,爆弾強化,2,腹減り,-1,茸食,1,緑毛獣の豪剛毛,3,コンガの剛毛,4,草食竜の重骨,4,ドスヘラクレス,3
コンガＺレジスト,0,2,8,1,9,99,41,87,2,1,1,-3,4,痛撃,1,底力,4,爆弾強化,2,腹減り,-1,茸食,1,緑毛獣の豪剛毛,3,コンガの剛毛,4,草食竜の重骨,4,ドスヘラクレス,3
ゲリョスＸメイル,0,1,8,1,9,99,75,132,-5,2,3,-2,0,達人,1,スタミナ,3,腹減り,-2,毒,2,,,ゴム質の特上皮,5,モンスターの特濃,3,ノヴァクリスタル,1,劇烈毒袋,3
ゲリョスＸレジスト,0,2,8,1,9,99,40,86,-4,3,4,-1,1,達人,1,スタミナ,3,腹減り,-2,毒,3,,,ゴム質の特上皮,5,モンスターの特濃,3,ノヴァクリスタル,1,劇烈毒袋,3
ゲリョスＺメイル,0,1,8,2,9,99,77,134,-5,2,3,-2,0,達人,-2,気力回復,2,風圧,2,気絶,2,,,ゴム質の紫柔皮,4,モンスターの特濃,3,ノヴァクリスタル,1,皇帝バッタ,2
ゲリョスＺレジスト,0,2,8,2,9,99,41,87,-4,3,4,-1,1,達人,-2,気力回復,2,風圧,1,気絶,2,,,ゴム質の紫柔皮,4,モンスターの特濃,3,ノヴァクリスタル,1,皇帝バッタ,2
ザザミＸメイル,0,1,8,2,9,99,75,132,-3,3,-4,0,1,防御,2,ガード性能,3,雷耐性,-2,節食,3,,,盾蟹の重殻,4,盾蟹の剛爪,1,皇帝バッタ,3,堅竜骨,5
ザザミＸレジスト,0,2,8,2,9,99,40,86,-2,4,-3,1,2,防御,2,精密射撃,3,雷耐性,-2,節食,3,,,盾蟹の重殻,4,盾蟹の剛爪,1,皇帝バッタ,3,堅竜骨,5
ザザミＺメイル,0,1,8,2,9,99,86,137,0,3,-2,-4,1,抜刀会心,2,ガード性能,2,スタミナ,-2,根性,1,体術,2,盾蟹の紫殻,3,極上黒真珠,1,堅竜骨,3,皇帝バッタ,6
ザザミＺレジスト,0,2,8,2,9,99,46,89,1,6,-1,-2,2,反動,2,根性,1,装填数,-2,貫通弾強化,2,拡散弾追加,2,盾蟹の紫殻,3,極上黒真珠,1,堅竜骨,3,皇帝バッタ,6
カブラＸメイル,0,1,8,1,9,99,78,135,3,-5,-4,0,2,防御,2,採取,-3,体力,2,研ぎ師,1,減気攻撃,2,鬼蛙の厚鱗,3,鬼蛙の剛爪,2,草食竜の重骨,3,カワズの大殿油,3
カブラＸレジスト,0,2,8,1,9,99,42,88,4,-4,-3,1,3,装填速度,1,防御,2,採取,-3,体力,2,減気攻撃,2,鬼蛙の厚鱗,3,鬼蛙の剛爪,2,草食竜の重骨,3,カワズの大殿油,3
カブラＺメイル,0,1,8,2,9,99,80,137,3,0,-4,-5,2,聴覚保護,4,ガード強化,1,研ぎ師,-1,爆弾強化,2,,,荒鬼蛙の厚鱗,3,荒鬼蛙の剛爪,2,草食竜の重骨,3,カワズの大殿油,3
カブラＺレジスト,0,2,8,2,9,99,43,89,4,1,-3,-4,3,装填速度,-1,聴覚保護,4,ガード強化,1,爆弾強化,2,,,荒鬼蛙の厚鱗,3,荒鬼蛙の剛爪,2,草食竜の重骨,3,カワズの大殿油,3
スキュラＸメイル,0,1,8,1,9,99,82,135,-3,3,-3,2,3,達人,1,観察眼,3,腹減り,-2,特殊会心,2,耐粘,4,影蜘蛛の重鋏角,4,影蜘蛛の重殻,3,影蜘蛛の秘棘,2,ゴム質の特上皮,2
スキュラＸレジスト,0,2,8,1,9,99,44,88,-2,4,-2,3,4,達人,1,観察眼,2,腹減り,-2,特殊会心,2,耐粘,4,影蜘蛛の重鋏角,4,影蜘蛛の重殻,3,影蜘蛛の秘棘,2,ゴム質の特上皮,2
ザボアＸメイル,0,1,8,1,9,99,84,135,-4,3,-5,3,0,重撃,2,氷属性攻撃,3,肉食,3,食事,1,腹減り,-2,化け鮫の特上ヒレ,2,化け鮫の厚鱗,2,カワズの大殿油,1,重厚な牙,3
ザボアＸレジスト,0,2,8,1,9,99,45,88,-3,4,-4,4,1,重撃,2,氷属性攻撃,3,肉食,3,食事,1,腹減り,-2,化け鮫の特上ヒレ,2,化け鮫の厚鱗,2,カワズの大殿油,1,重厚な牙,3
ザボアＺメイル,0,1,8,0,9,99,86,137,2,3,-4,-5,0,気力回復,4,回復速度,4,耐震,1,裂傷,-1,,,虎鮫の特上ヒレ,2,虎鮫の厚鱗,2,カワズの大殿油,1,重厚な牙,3
ザボアＺレジスト,0,2,8,0,9,99,46,89,3,4,-3,-4,1,気力回復,4,回復速度,4,耐震,1,裂傷,-1,,,虎鮫の特上ヒレ,2,虎鮫の厚鱗,2,カワズの大殿油,1,重厚な牙,3
ガララＸメイル,0,1,8,1,9,99,86,137,3,-3,0,-5,3,痛撃,1,捕獲,2,聴覚保護,3,気まぐれ,-3,,,絞蛇竜の厚皮,6,絞蛇竜の重鳴甲,5,絞蛇竜の上皮,3,強力麻痺袋,3
ガララＸレジスト,0,2,8,1,9,99,46,89,4,-2,1,-4,4,痛撃,1,捕獲,2,聴覚保護,3,気まぐれ,-3,,,絞蛇竜の厚皮,6,絞蛇竜の重鳴甲,5,絞蛇竜の上皮,3,強力麻痺袋,3
ガララＺメイル,0,1,8,1,9,99,88,139,-5,3,-3,4,3,抜刀減気,3,減気攻撃,2,水属性攻撃,1,気力回復,-1,,,水蛇竜の厚皮,6,水蛇竜の撥水甲,4,水蛇竜の重殻,3,特大水袋,3
ガララＺレジスト,0,2,8,1,9,99,47,90,-4,4,-2,5,4,速射,3,減気攻撃,2,水属性攻撃,1,気力回復,-1,,,水蛇竜の厚皮,6,水蛇竜の撥水甲,4,水蛇竜の重殻,3,特大水袋,3
フルフルＸメイル,0,1,8,1,9,99,84,135,-5,1,1,2,1,雷属性攻撃,2,広域,6,回復速度,1,気絶,-1,,,特撰アルビノ,1,真珠色の艶皮,3,モンスターの特濃,6,ノヴァクリスタル,2
フルフルＸレジスト,0,2,8,1,9,99,45,88,-4,2,2,3,2,雷属性攻撃,2,広域,6,回復速度,1,気絶,-1,,,特撰アルビノ,1,真珠色の艶皮,3,モンスターの特濃,6,ノヴァクリスタル,2
フルフルＺメイル,0,1,8,2,9,99,86,137,1,-5,1,2,1,回復量,1,広域,2,回復速度,-2,節食,3,,,魅惑色の艶皮,3,特撰アルビノ,1,重竜骨,1,ノヴァクリスタル,2
フルフルＺレジスト,0,2,8,2,9,99,46,89,2,-4,2,3,2,回復量,1,広域,2,回復速度,-2,節食,3,,,魅惑色の艶皮,3,特撰アルビノ,1,重竜骨,1,ノヴァクリスタル,2
レイアＸメイル,0,1,8,1,9,99,84,135,3,0,-2,0,-4,属性解放,2,体力,1,火属性攻撃,2,回復量,4,回復速度,-3,雌火竜の厚鱗,4,業炎袋,4,雌火竜の紅玉,1,獄炎石,2
レイアＸレジスト,0,2,8,1,9,99,45,88,4,1,-1,1,-3,属性解放,2,体力,1,火属性攻撃,3,回復量,4,回復速度,-2,雌火竜の厚鱗,4,業炎袋,4,雌火竜の紅玉,1,獄炎石,2
リオハートＺメイル,0,1,8,1,9,99,86,137,3,0,-2,0,-4,底力,2,火属性攻撃,4,風圧,4,気配,-1,,,桜火竜の厚鱗,3,桜火竜の重殻,2,エルトライト鉱石,4,雌火竜の紅玉,1
リオハートＺレジスト,0,2,8,1,9,99,46,89,4,1,-1,1,-3,底力,3,火属性攻撃,4,風圧,3,気配,-1,,,桜火竜の厚鱗,3,桜火竜の重殻,2,エルトライト鉱石,4,雌火竜の紅玉,1
ランポスＸメイル,0,1,8,1,9,99,74,131,0,0,0,-5,3,攻撃,4,千里眼,2,麻痺,-2,気絶,2,,,ランポスの剛爪,2,ランポスの上皮,3,強靭な鳥竜皮,3,エルトライト鉱石,2
ランポスＸレジスト,0,2,8,1,9,99,40,86,1,1,1,-4,4,攻撃,4,千里眼,2,麻痺,-2,気絶,2,,,ランポスの剛爪,2,ランポスの上皮,3,強靭な鳥竜皮,3,エルトライト鉱石,2
クックＸメイル,0,1,8,2,9,99,74,131,3,0,-2,-4,2,攻撃,4,火耐性,5,肉食,2,,,,,怪鳥の厚鱗,2,怪鳥の重殻,3,怪鳥の剛翼,1,堅竜骨,3
クックＸレジスト,0,2,8,2,9,99,40,86,4,1,-1,-3,3,攻撃,4,火耐性,5,肉食,2,,,,,怪鳥の厚鱗,2,怪鳥の重殻,3,怪鳥の剛翼,1,堅竜骨,3
クックＺメイル,0,1,8,2,9,99,76,133,3,-4,-3,0,2,達人,3,聴覚保護,-2,スタミナ,3,火属性攻撃,1,,,青怪鳥の厚鱗,2,青怪鳥の重殻,3,堅牢な鳥竜骨,2,重厚な骨,3
クックＺレジスト,0,2,8,2,9,99,41,87,4,-3,-2,1,3,達人,3,聴覚保護,-2,スタミナ,3,火属性攻撃,1,,,青怪鳥の厚鱗,2,青怪鳥の重殻,3,堅牢な鳥竜骨,2,重厚な骨,3
バサルＸメイル,0,1,8,1,9,99,86,137,-1,-2,1,1,-3,匠,2,納刀,1,食事,3,腹減り,-2,耐泥耐雪,2,岩竜の重殻,5,獄炎石,1,ユニオン鉱石,10,大竜玉,1
バサルＸレジスト,0,2,8,1,9,99,46,89,0,-1,2,2,-2,納刀,1,装填数,2,食事,3,腹減り,-2,耐泥耐雪,2,岩竜の重殻,5,獄炎石,1,ユニオン鉱石,10,大竜玉,1
バサルＺメイル,0,1,8,1,9,99,88,139,0,-2,0,-3,1,ガード性能,3,重撃,2,耐暑,1,毒,2,麻痺,-2,桃岩竜の重殻,5,桃岩竜の剛翼,1,獄炎石,1,ユニオン鉱石,10
バサルＺレジスト,0,2,8,1,9,99,47,90,1,-1,1,-2,2,重撃,3,通常弾強化,2,耐暑,1,毒,2,麻痺,-2,桃岩竜の重殻,5,桃岩竜の剛翼,1,獄炎石,1,ユニオン鉱石,10
ペッコＸメイル,0,1,8,1,9,99,75,132,2,-1,0,-3,0,効果持続,4,氷耐性,-2,観察眼,2,広域,3,笛,2,彩鳥の厚鱗,1,徹甲虫の斬羽,1,岩竜の重殻,2,モンスターの特濃,2
ペッコＸレジスト,0,2,8,1,9,99,40,86,3,0,1,-2,1,効果持続,4,氷耐性,-2,観察眼,2,広域,2,笛,2,彩鳥の厚鱗,1,徹甲虫の斬羽,1,岩竜の重殻,2,モンスターの特濃,2
ボロスＸメイル,0,1,8,0,9,99,85,136,-4,4,1,-2,0,攻撃,1,ガード性能,3,ガード強化,2,体術,3,腹減り,-2,土砂竜の重頭殻,1,土砂竜の重殻,2,皇帝バッタ,2,,
ボロスＸレジスト,0,2,8,0,9,99,45,88,-3,5,2,-1,1,攻撃,1,ガード強化,2,精密射撃,3,体術,3,腹減り,-2,土砂竜の重頭殻,1,土砂竜の重殻,2,皇帝バッタ,2,,
ガブルＸメイル,0,1,8,1,9,99,85,136,-2,3,-4,0,1,剣術,2,達人,3,食事,2,回復速度,-2,,,灯魚竜の厚皮,2,化け鮫の剛刃尾,1,カワズの大殿油,3,幻鳥竜玉,1
ガブルＸレジスト,0,2,8,1,9,99,45,88,-1,4,-3,1,2,反動,2,達人,3,食事,2,回復速度,-2,,,灯魚竜の厚皮,2,化け鮫の剛刃尾,1,カワズの大殿油,3,幻鳥竜玉,1
ハプルＸメイル,0,1,8,2,9,99,85,136,2,0,-2,-4,1,抜刀減気,1,納刀,1,雷属性攻撃,-2,食事,2,,,潜口竜の重殻,4,モンスターの特濃,1,重竜骨,3,,
ハプルＸレジスト,0,2,8,2,9,99,45,88,3,1,-1,-3,2,装填速度,2,納刀,1,装填数,2,貫通弾強化,1,雷属性攻撃,-2,潜口竜の重殻,4,モンスターの特濃,1,重竜骨,3,,
ベリオＸメイル,0,1,8,2,9,99,87,138,-5,0,-1,3,0,回避性能,3,氷属性攻撃,1,体術,2,気力回復,-4,,,氷牙竜の厚毛皮,4,重厚な骨,4,瞬間凍結袋,5,,
ベリオＸレジスト,0,2,8,2,9,99,47,90,-4,1,0,4,1,回避性能,3,氷属性攻撃,1,体術,2,気力回復,-4,,,氷牙竜の厚毛皮,4,重厚な骨,4,瞬間凍結袋,5,,
アグナＸメイル,0,1,8,0,9,99,88,139,3,-5,0,-1,0,剣術,3,斬れ味,2,ガード性能,1,底力,-2,火属性攻撃,4,炎戈竜の重殻,2,炎戈竜の特上ビレ,1,強面な大頭骨,1,,
アグナＸレジスト,0,2,8,0,9,99,47,90,4,-4,1,0,1,底力,-2,装填数,2,通常弾強化,2,精密射撃,1,火属性攻撃,4,炎戈竜の重殻,2,炎戈竜の特上ビレ,1,強面な大頭骨,1,,
ガノスＺメイル,0,1,8,0,9,99,80,135,-4,4,-4,2,0,捕獲,4,スタミナ,2,耐暑,3,高速設置,1,,,翠水竜の特上ビレ,3,重厚な牙,4,モンスターの特濃,2,,
ガノスＺレジスト,0,2,8,0,9,99,43,88,-2,6,-2,3,1,捕獲,4,スタミナ,2,耐暑,3,高速設置,1,,,翠水竜の特上ビレ,3,重厚な牙,4,モンスターの特濃,2,,
ホクシン【上衣】,0,1,8,2,9,99,84,135,-2,4,-2,3,2,体力,4,水属性攻撃,1,北辰納豆流,3,,,,,交易船チケット,1,化け鮫の厚皮,3,ピュアクリスタル,2,,
カイエン【上衣】,0,2,8,2,9,99,45,88,-1,5,-1,4,3,体力,3,水属性攻撃,1,北辰納豆流,3,,,,,交易船チケット,1,化け鮫の厚皮,3,ピュアクリスタル,2,,
オウビートＸペット,1,1,8,1,9,99,72,129,3,-5,3,-4,2,採取,3,回避性能,3,特殊攻撃,2,耐寒,-2,,,ドスツノアゲハ,2,皇帝バッタ,2,劇烈毒袋,3,,
オウビートＸペクトス,1,2,8,1,9,99,38,84,4,-4,5,-3,2,採取,3,回避性能,3,特殊攻撃,2,耐寒,-2,,,ドスツノアゲハ,2,皇帝バッタ,2,劇烈毒袋,3,,
パピメルＸペット,2,1,8,1,9,99,72,129,3,-5,3,-4,2,採取,3,回避性能,3,特殊攻撃,2,耐寒,-2,,,ドスツノアゲハ,2,皇帝バッタ,2,劇烈毒袋,3,,
パピメルＸペクトス,2,2,8,1,9,99,38,84,4,-4,5,-3,2,採取,3,回避性能,3,特殊攻撃,2,耐寒,-2,,,ドスツノアゲハ,2,皇帝バッタ,2,劇烈毒袋,3,,
ロワーガＸペット,1,1,8,0,10,99,92,141,-4,0,3,-1,1,属性解放,2,聴覚保護,3,龍属性攻撃,4,加護,-1,ハチミツ,3,ドスクワアゲハ,2,コスモライト鉱石,1,マボロシチョウ,2,のりこねバッタ,15
ロワーガＸペクトス,1,2,8,0,10,99,50,91,-3,1,4,0,2,属性解放,2,聴覚保護,3,龍属性攻撃,4,加護,-1,ハチミツ,3,ドスクワアゲハ,2,コスモライト鉱石,1,マボロシチョウ,2,のりこねバッタ,15
ファルメルＸペット,2,1,8,0,10,99,92,141,-4,0,3,-1,1,属性解放,2,聴覚保護,3,龍属性攻撃,4,加護,-1,ハチミツ,3,ドスクワアゲハ,2,コスモライト鉱石,1,マボロシチョウ,2,のりこねバッタ,15
ファルメルＸペクトス,2,2,8,0,10,99,50,91,-3,1,4,0,2,属性解放,2,聴覚保護,3,龍属性攻撃,4,加護,-1,ハチミツ,3,ドスクワアゲハ,2,コスモライト鉱石,1,マボロシチョウ,2,のりこねバッタ,15
ガーディアンＸスーツ,1,1,8,1,9,99,80,135,0,0,0,0,0,採取,-2,運気,1,砲術,3,千里眼,1,加護,2,エルトライト鉱石,2,クロオビコインＧ,3,蛇竜のコインＧ,5,,
ガーディアンＸベスト,1,2,8,1,9,99,43,88,1,1,1,1,1,採取,-2,運気,1,千里眼,1,広域,3,加護,2,エルトライト鉱石,2,クロオビコインＧ,3,蛇竜のコインＧ,5,,
ヘルパーＸベスト,2,1,8,1,9,99,80,135,0,0,0,0,0,採取,-2,運気,1,砲術,3,千里眼,1,加護,2,エルトライト鉱石,2,クロオビコインＧ,3,蛇竜のコインＧ,5,,
ヒーラーＸベスト,2,2,8,1,9,99,43,88,1,1,1,1,1,採取,-2,運気,1,千里眼,1,広域,3,加護,2,エルトライト鉱石,2,クロオビコインＧ,3,蛇竜のコインＧ,5,,
レギオスＸメイル,0,1,9,1,10,99,92,145,3,0,-3,-2,0,研ぎ師,-2,体術,3,裂傷,4,斬術,1,,,千刃竜の破刃,4,千刃竜の斬刃鱗,5,千刃竜の絶槍尾,1,鋭利な爪,5
レギオスＸレジスト,0,2,9,2,10,99,50,94,4,1,-2,-1,1,装填速度,-4,反動,1,体術,3,裂傷,4,,,千刃竜の破刃,4,千刃竜の斬刃鱗,5,千刃竜の絶槍尾,1,鋭利な爪,5
スキュラＺメイル,0,1,9,2,10,99,92,141,-1,3,0,-3,3,剥ぎ取り,1,達人,1,体力,-1,回避距離,1,特殊会心,3,骸蜘蛛の重鋏角,4,骸蜘蛛の重殻,3,骸蜘蛛の秘棘,2,真珠色の艶皮,2
スキュラＺレジスト,0,2,9,2,10,99,50,91,0,4,1,-2,4,剥ぎ取り,1,達人,1,体力,-1,回避距離,1,特殊会心,3,骸蜘蛛の重鋏角,4,骸蜘蛛の重殻,3,骸蜘蛛の秘棘,2,真珠色の艶皮,2
レウスＸメイル,0,1,9,1,10,99,92,141,3,0,-2,0,-4,攻撃,4,火属性攻撃,2,回復量,-2,,,,,火竜の厚鱗,5,火竜の重殻,2,火竜の剛翼,3,メランジェ鉱石,2
レウスＸレジスト,0,2,9,1,10,99,50,91,4,1,-1,1,-3,攻撃,4,火属性攻撃,2,回復量,-2,,,,,火竜の厚鱗,5,火竜の重殻,2,火竜の剛翼,3,メランジェ鉱石,2
リオソウルＺメイル,0,1,9,1,10,99,94,143,3,0,0,-2,-4,達人,4,体力,-3,聴覚保護,3,属性会心,1,,,蒼火竜の重殻,3,蒼火竜の厚鱗,3,業炎袋,3,重竜骨,2
リオソウルＺレジスト,0,2,9,1,10,99,51,92,4,1,1,-1,-3,達人,4,体力,-3,聴覚保護,3,属性会心,1,,,蒼火竜の重殻,3,蒼火竜の厚鱗,3,業炎袋,3,重竜骨,2
レックスＸメイル,0,1,9,1,10,99,96,143,2,-1,-4,0,-2,闘魂,1,攻撃,3,研ぎ師,-2,千里眼,4,食いしん坊,3,轟竜の剛爪,4,轟竜の重殻,6,轟竜の重牙,2,,
レックスＸレジスト,0,2,9,1,10,99,52,92,3,0,-3,1,-1,反動,-2,闘魂,1,攻撃,3,千里眼,4,食いしん坊,2,轟竜の剛爪,4,轟竜の重殻,6,轟竜の重牙,2,,
レックスＺメイル,0,1,9,2,10,99,97,144,2,-4,-2,0,-1,聴覚保護,4,研ぎ師,-1,観察眼,2,食事,3,,,黒轟竜の剛爪,5,黒轟竜の重殻,4,黒轟竜の重牙,2,真紅蓮石,3
レックスＺレジスト,0,2,9,2,10,99,54,94,3,-3,-1,1,0,反動,-1,聴覚保護,4,観察眼,2,食事,3,,,黒轟竜の剛爪,5,黒轟竜の重殻,4,黒轟竜の重牙,2,真紅蓮石,3
ジンオウＸメイル,0,1,9,3,10,99,90,139,0,-2,3,-4,1,本気,1,根性,2,雷属性攻撃,2,気配,-1,,,雷狼竜の雷電毛,4,雷狼竜の重殻,5,雷狼竜の天玉,1,皇帝バッタ,5
ジンオウＸレジスト,0,2,9,3,10,99,49,90,1,-1,4,-3,2,本気,1,回避性能,4,雷属性攻撃,2,気配,-1,,,雷狼竜の雷電毛,4,雷狼竜の重殻,5,雷狼竜の天玉,1,皇帝バッタ,5
ジンオウＺメイル,0,1,9,1,10,99,94,143,0,-4,-5,0,4,回避性能,1,溜め短縮,3,無傷,1,龍属性攻撃,3,回復量,-2,獄狼竜の滅龍毛,4,獄狼竜の重殻,5,獄狼竜の天玉,1,いにしえの巨龍骨,3
ジンオウＺレジスト,0,2,9,1,10,99,51,92,1,-3,-4,1,5,回避性能,2,無傷,1,装填数,3,龍属性攻撃,3,回復量,-1,獄狼竜の滅龍毛,4,獄狼竜の重殻,5,獄狼竜の天玉,1,いにしえの巨龍骨,3
セルタスＸメイル,0,1,9,1,10,99,96,143,-4,3,-1,-3,3,属性解放,2,捕獲,1,砲術,4,斬れ味,2,気力回復,-2,重甲虫の重胸殻,4,重甲虫の断月尾,4,濃縮重甲エキス,1,飛甲虫の斬羽,4
セルタスＸレジスト,0,2,9,1,10,99,52,92,-3,4,0,-2,4,属性解放,2,装填速度,3,砲術,4,榴弾追加,1,気力回復,-2,重甲虫の重胸殻,4,重甲虫の断月尾,4,濃縮重甲エキス,1,飛甲虫の斬羽,4
セルタスＺメイル,0,1,9,1,10,99,97,144,3,-1,-3,-4,3,斬れ味,-2,ガード強化,3,重撃,1,装填数,3,気力回復,2,砲甲虫の重胸殻,4,砲甲虫の断月尾,4,濃縮重甲エキス,1,飛甲虫の斬羽,4
セルタスＺレジスト,0,2,9,1,10,99,54,94,4,0,-2,-3,4,重撃,1,納刀,3,散弾強化,3,榴弾追加,2,精密射撃,-2,砲甲虫の重胸殻,4,砲甲虫の断月尾,4,濃縮重甲エキス,1,飛甲虫の斬羽,4
グラビドＸメイル,0,1,9,2,10,99,96,143,3,-4,0,2,-3,不動,2,防御,4,ガード性能,2,スタミナ,-1,,,鎧竜の重殻,5,鎧竜の剛翼,2,重竜骨,1,業炎袋,2
グラビドＸレジスト,0,2,9,2,10,99,52,92,4,-3,1,3,-2,反動,2,不動,2,防御,4,スタミナ,-1,,,鎧竜の重殻,5,鎧竜の剛翼,2,重竜骨,1,業炎袋,2
グラビドＺメイル,0,1,9,3,10,99,97,144,3,-5,1,1,1,頑強,3,剣術,2,ガード強化,1,スタミナ,-1,,,黒鎧竜の重殻,5,昏睡袋,2,重竜骨,2,黒鎧竜の天殻,1
グラビドＺレジスト,0,2,9,3,10,99,54,94,4,-4,2,2,2,頑強,3,反動,1,ガード強化,1,スタミナ,-1,,,黒鎧竜の重殻,5,昏睡袋,2,重竜骨,2,黒鎧竜の天殻,1
ディアブロＸメイル,0,1,9,1,10,99,96,143,2,0,0,-4,0,匠,2,抜刀会心,2,研ぎ師,-2,納刀,1,耐震,2,角竜の重甲,5,大地を穿つ剛角,1,重竜骨,3,徹甲虫の重殻,4
ディアブロＸレジスト,0,2,9,1,10,99,53,93,3,1,1,-3,1,装填速度,3,納刀,1,装填数,2,貫通弾強化,1,精密射撃,-2,角竜の重甲,5,大地を穿つ剛角,1,重竜骨,3,徹甲虫の重殻,4
ディアブロＺメイル,0,1,9,2,10,99,98,145,4,0,0,-6,0,痛撃,2,回避距離,2,減気攻撃,1,KO,1,龍属性攻撃,-2,堅牢な黒巻き角,2,黒角竜の重甲,5,角竜の延髄,2,堅牢な鳥竜骨,2
ディアブロＺレジスト,0,2,9,2,10,99,54,94,5,1,1,-5,1,装填速度,1,反動,1,痛撃,2,回避距離,2,龍属性攻撃,-2,堅牢な黒巻き角,2,黒角竜の重甲,5,角竜の延髄,2,堅牢な鳥竜骨,2
ブラキＸメイル,0,1,9,1,10,99,96,143,3,-4,0,-2,0,抜刀会心,2,闘魂,3,回避性能,-2,底力,2,爆弾強化,2,砕竜の重殻,4,砕竜の重黒曜甲,3,砕竜の宝玉,2,重竜骨,2
ブラキＸレジスト,0,2,9,1,10,99,53,93,4,-3,1,-1,1,速射,2,闘魂,3,回避性能,-2,底力,2,爆弾強化,2,砕竜の重殻,4,砕竜の重黒曜甲,3,砕竜の宝玉,2,重竜骨,2
バンギスＸメイル,0,1,9,1,11,99,106,148,0,0,-4,1,-4,攻撃,5,斬れ味,1,食事,4,腹減り,-2,,,恐暴竜の重牙,5,恐暴竜の剛鉤爪,4,恐暴竜の厚黒皮,5,雷狼竜の碧玉,1
バンギスＸレジスト,0,2,9,1,11,99,60,96,1,1,-3,2,-3,反動,2,攻撃,4,食事,4,腹減り,-2,,,恐暴竜の重牙,5,恐暴竜の剛鉤爪,4,恐暴竜の厚黒皮,5,雷狼竜の碧玉,1
ケイオスメイル,1,1,9,2,11,99,106,148,-5,4,-3,2,-3,属性解放,2,攻撃,3,運気,-2,重撃,1,属性会心,2,渾沌の竜鱗,3,二律を纏う乱翼,3,黒蝕竜の厚鱗,4,マボロシチョウ,3
ケイオスレジスト,1,2,9,2,11,99,60,96,-4,5,-2,3,-2,装填速度,2,攻撃,3,運気,-2,重撃,1,属性会心,2,渾沌の竜鱗,3,二律を纏う乱翼,3,黒蝕竜の厚鱗,4,マボロシチョウ,3
ネフィリムメイル,2,1,9,2,11,99,106,148,-5,4,-3,2,-3,属性解放,2,攻撃,3,運気,-2,重撃,1,属性会心,2,渾沌の竜鱗,3,二律を纏う乱翼,3,黒蝕竜の厚鱗,4,マボロシチョウ,3
ネフィリムレジスト,2,2,9,2,11,99,60,96,-4,5,-2,3,-2,装填速度,2,攻撃,3,運気,-2,重撃,1,属性会心,2,渾沌の竜鱗,3,二律を纏う乱翼,3,黒蝕竜の厚鱗,4,マボロシチョウ,3
ガルルガＸメイル,0,1,9,2,10,99,95,142,3,-4,3,-4,1,剣術,-1,達人,2,聴覚保護,5,斬れ味,2,,,黒狼鳥の厚鱗,4,黒狼鳥の重殻,4,黒狼鳥の剛翼,4,ランポスの剛爪,2
ガルルガＸレジスト,0,2,9,2,10,99,52,92,4,-3,4,-3,2,達人,2,聴覚保護,5,スタミナ,-1,貫通弾強化,2,,,黒狼鳥の厚鱗,4,黒狼鳥の重殻,4,黒狼鳥の剛翼,4,ランポスの剛爪,2
モノブロＸメイル,0,1,9,1,10,99,96,143,0,2,-3,-4,2,属性解放,1,達人,2,底力,5,千里眼,2,加護,-2,一角竜の重殻,4,堅牢な真紅の角,1,一角竜の重甲,3,モノブロスハート,2
モノブロＸレジスト,0,2,9,1,10,99,52,92,1,3,-2,-3,3,属性解放,1,達人,2,底力,5,千里眼,2,加護,-2,一角竜の重殻,4,堅牢な真紅の角,1,一角竜の重甲,3,モノブロスハート,2
モノデビルメイル,0,1,9,1,10,99,100,145,0,2,-3,-4,2,匠,2,達人,2,底力,3,体術,3,加護,-2,白一角竜の重甲,3,白一角竜の重殻,2,堅牢な白銀の角,2,モノブロスハート,1
モノデビルレジスト,0,2,9,1,10,99,55,94,1,3,-2,-3,3,達人,2,底力,3,装填数,2,体術,3,加護,-2,白一角竜の重甲,3,白一角竜の重殻,2,堅牢な白銀の角,2,モノブロスハート,1
ゴアＸメイル,0,1,9,1,10,99,95,142,-5,3,-3,2,-2,細菌学,2,闘魂,2,属性攻撃,3,火耐性,-2,狂撃耐性,3,黒蝕竜の重殻,2,黒蝕竜の暗黒翼,2,黒蝕竜の厚鱗,3,翼蛇竜の特上皮,5
ゴアＸレジスト,0,2,9,1,10,99,52,92,-4,4,-2,3,-1,細菌学,2,闘魂,2,属性攻撃,3,火耐性,-2,狂撃耐性,3,黒蝕竜の重殻,2,黒蝕竜の暗黒翼,2,黒蝕竜の厚鱗,3,翼蛇竜の特上皮,5
ナルガＸメイル,0,1,9,1,10,99,91,140,-2,1,-4,1,1,痛撃,2,回避性能,3,スタミナ,-2,回避距離,2,気配,2,迅竜の豪黒毛,2,迅竜の天鱗,1,真珠色の艶皮,6,,
ナルガＸレジスト,0,2,9,1,10,99,50,91,-1,2,-3,2,2,痛撃,2,回避性能,3,スタミナ,-2,回避距離,2,気配,2,迅竜の豪黒毛,2,迅竜の天鱗,1,真珠色の艶皮,6,,
ラギアＸメイル,0,1,9,1,10,99,93,142,-5,1,3,-1,-1,属性解放,1,痛撃,2,特殊攻撃,-2,溜め短縮,2,加護,4,海竜の厚鱗,4,海竜の雷電殻,2,海竜の蒼天鱗,1,水蛇竜の重殻,2
ラギアＸレジスト,0,2,9,2,10,99,51,92,-4,2,4,0,0,属性解放,3,痛撃,1,特殊攻撃,-2,溜め短縮,1,加護,4,海竜の厚鱗,4,海竜の雷電殻,2,海竜の蒼天鱗,1,水蛇竜の重殻,2
ドボルＸメイル,0,1,9,2,10,99,96,143,-4,2,1,-2,1,抜刀減気,1,攻撃,1,達人,-2,減気攻撃,1,逆境,1,尾槌竜の剛角,2,重竜骨,2,極上の毛皮,4,ドボルストーン,1
ドボルＸレジスト,0,2,9,2,10,99,52,92,-3,3,2,-1,2,攻撃,1,達人,-2,溜め短縮,1,減気攻撃,1,逆境,1,尾槌竜の剛角,2,重竜骨,2,極上の毛皮,4,ドボルストーン,1
ラヴァＸメイル,0,1,9,2,10,99,98,145,2,-3,0,0,1,盾持,2,回復速度,3,気配,-2,燃鱗,2,,,溶岩竜の厚鱗,2,溶岩竜の特上ビレ,3,業炎袋,2,,
ラヴァＸレジスト,0,2,9,2,10,99,54,94,3,-2,1,1,2,盾持,2,回復速度,3,気配,-2,燃鱗,2,,,溶岩竜の厚鱗,2,溶岩竜の特上ビレ,3,業炎袋,2,,
アーティアＸメイル,0,1,9,2,10,99,92,141,0,-3,-3,2,3,属性解放,1,抜刀会心,3,ガード強化,4,気力回復,1,,,歪んだ破片,5,コスモライト鉱石,2,太古の破片,2,ノヴァクリスタル,6
アーティアＸレジスト,0,2,9,2,10,99,50,91,1,-2,-2,3,4,反動,3,速射,3,装填数,1,精密射撃,2,,,歪んだ破片,5,コスモライト鉱石,2,太古の破片,2,ノヴァクリスタル,6
ホークＸスーツ,1,1,9,3,11,99,106,148,2,-1,1,0,2,採取,1,納刀,4,指揮,1,腹減り,-3,,,旅団チケットＧ,1,オトモチケット,2,ドスクワアゲハ,3,星石の結晶,2
ホークＸベスト,1,2,9,3,11,99,60,96,3,0,2,1,3,採取,1,納刀,4,指揮,1,腹減り,-3,,,旅団チケットＧ,1,オトモチケット,2,ドスクワアゲハ,3,星石の結晶,2
エコールＸスーツ,2,1,9,3,11,99,106,148,2,-1,1,0,2,採取,1,納刀,4,指揮,1,腹減り,-3,,,旅団チケットＧ,1,オトモチケット,2,ドスクワアゲハ,3,星石の結晶,2
エコールＸベスト,2,2,9,3,11,99,60,96,3,0,2,1,3,採取,1,納刀,4,指揮,1,腹減り,-3,,,旅団チケットＧ,1,オトモチケット,2,ドスクワアゲハ,3,星石の結晶,2
エースメイル,1,1,9,2,10,99,92,141,3,0,0,0,2,潔癖,4,斬れ味,1,裂傷,-2,,,,,筆頭チケット,1,火竜の逆鱗,1,骸蜘蛛の重鋏角,3,古龍の血,2
エースレジスト,1,2,9,2,10,99,50,91,4,1,1,1,3,潔癖,4,速射,1,裂傷,-2,,,,,筆頭チケット,1,火竜の逆鱗,1,骸蜘蛛の重鋏角,3,古龍の血,2
クイーンメイル,2,1,9,2,10,99,92,141,3,0,0,0,2,潔癖,4,斬れ味,1,裂傷,-2,,,,,筆頭チケット,1,火竜の逆鱗,1,骸蜘蛛の重鋏角,3,古龍の血,2
クイーンレジスト,2,2,9,2,10,99,50,91,4,1,1,1,3,潔癖,4,速射,1,裂傷,-2,,,,,筆頭チケット,1,火竜の逆鱗,1,骸蜘蛛の重鋏角,3,古龍の血,2
ガーディアンＺスーツ,1,1,9,2,10,99,96,143,0,0,0,0,0,底力,-3,高速設置,1,乗り,3,節食,3,,,メランジェ鉱石,3,タツジンコインＧ,3,飛竜のコインＧ,5,,
ガーディアンＺベスト,1,2,9,2,10,99,53,93,1,1,1,1,1,底力,-3,高速設置,1,乗り,3,節食,3,,,メランジェ鉱石,3,タツジンコインＧ,3,飛竜のコインＧ,5,,
ヘルパーＺベスト,2,1,9,2,10,99,96,143,0,0,0,0,0,底力,-3,高速設置,1,乗り,3,節食,3,,,メランジェ鉱石,3,タツジンコインＧ,3,飛竜のコインＧ,5,,
ヒーラーＺベスト,2,2,9,2,10,99,53,93,1,1,1,1,1,底力,-3,高速設置,1,乗り,3,節食,3,,,メランジェ鉱石,3,タツジンコインＧ,3,飛竜のコインＧ,5,,
Ｇ・ナイトＸスーツ,1,1,9,2,12,99,110,150,0,0,0,0,0,剥ぎ取り,2,広域,4,気配,-1,,,,,コスモライト鉱石,5,デンセツコインＧ,3,獣竜のコインＧ,5,,
Ｇ・ナイトＸベスト,1,2,9,2,12,99,64,97,1,1,1,1,1,剥ぎ取り,2,広域,4,気配,-1,,,,,コスモライト鉱石,5,デンセツコインＧ,3,獣竜のコインＧ,5,,
メイドＸスーツ,2,1,9,2,12,99,110,150,0,0,0,0,0,剥ぎ取り,2,広域,4,気配,-1,,,,,コスモライト鉱石,5,デンセツコインＧ,3,獣竜のコインＧ,5,,
プライベートＸベスト,2,2,9,2,12,99,64,97,1,1,1,1,1,剥ぎ取り,2,広域,4,気配,-1,,,,,コスモライト鉱石,5,デンセツコインＧ,3,獣竜のコインＧ,5,,
アークＸメイル,1,1,10,2,11,99,109,151,-4,4,0,3,-6,匠,2,本気,2,火耐性,-2,狂撃耐性,2,祈願,2,天廻龍の厚鱗,3,天廻龍の光虹翼,2,天廻龍の重殻,4,メランジェ鉱石,3
アークＸレジスト,1,2,10,1,11,99,63,98,-3,5,1,4,-5,本気,3,装填数,2,火耐性,-2,狂撃耐性,2,祈願,2,天廻龍の厚鱗,3,天廻龍の光虹翼,2,天廻龍の重殻,4,メランジェ鉱石,3
フィリアＸメイル,2,1,10,2,11,99,109,151,-4,4,0,3,-6,匠,2,本気,2,火耐性,-2,狂撃耐性,2,祈願,2,天廻龍の厚鱗,3,天廻龍の光虹翼,2,天廻龍の重殻,4,メランジェ鉱石,3
フィリアＸレジスト,2,2,10,1,11,99,63,98,-3,5,1,4,-5,本気,3,装填数,2,火耐性,-2,狂撃耐性,2,祈願,2,天廻龍の厚鱗,3,天廻龍の光虹翼,2,天廻龍の重殻,4,メランジェ鉱石,3
斉天ノ衣・真,0,1,10,0,11,99,106,148,2,1,3,-6,2,本気,5,闘魂,2,スタミナ,-2,雷属性攻撃,4,,,金獅子の剛角,1,黄金の煌毛,1,金獅子の黒荒毛,4,鋼龍の宝玉,1
仙師ノ衣・真,0,2,10,0,11,99,60,96,3,2,4,-5,3,装填速度,3,本気,4,闘魂,2,スタミナ,-2,雷属性攻撃,4,金獅子の剛角,1,黄金の煌毛,1,金獅子の黒荒毛,4,鋼龍の宝玉,1
怒天ノ衣・真,0,1,10,3,11,99,108,150,2,1,4,-7,2,刀匠,1,本気,2,スタミナ,-2,属性攻撃,2,,,金獅子の怒髪天,3,ラージャンハート,1,金獅子の重牙,2,堅牢な白銀の角,3
心滅ノ衣・真,0,2,10,3,11,99,62,98,3,2,5,-6,3,射手,1,本気,2,スタミナ,-2,属性攻撃,2,,,金獅子の怒髪天,3,ラージャンハート,1,金獅子の重牙,2,堅牢な白銀の角,3
クシャナＸディール,0,1,10,2,11,99,109,151,-2,2,-5,5,-6,匠,1,回避性能,4,溜め短縮,1,耐暑,4,毒,-2,鋼龍の重殻,4,鋼龍の剛翼,2,エルトライト鉱石,4,古龍の血,5
クシャナＸバダル,0,2,10,2,11,99,63,98,-1,3,-4,6,-5,回避性能,4,溜め短縮,1,装填数,1,耐暑,4,毒,-2,鋼龍の重殻,4,鋼龍の剛翼,2,エルトライト鉱石,4,古龍の血,5
クジュラディール,0,1,10,1,12,99,116,152,3,-6,2,6,-5,斬れ味,4,回避距離,2,無傷,1,体術,2,毒,-2,錆鋼の龍殻,4,暴風の破翼,2,エルトライト鉱石,4,太古龍骨,5
クジュラバダル,0,2,10,1,12,99,69,98,4,-5,3,7,-4,反動,3,回避距離,2,無傷,1,体術,2,毒,-2,錆鋼の龍殻,4,暴風の破翼,2,エルトライト鉱石,4,太古龍骨,5
カイザーＸメイル,0,1,10,2,11,99,109,151,4,-6,1,-2,-2,居合,3,匠,3,攻撃,1,耐寒,-3,,,炎王龍の重殻,4,炎龍の塵粉,2,真紅蓮石,3,炎龍の宝玉,1
カイザーＸレジスト,0,2,10,2,11,99,63,98,5,-5,2,-1,-1,剛撃,3,装填速度,1,攻撃,1,装填数,3,耐寒,-3,炎王龍の重殻,4,炎龍の塵粉,2,真紅蓮石,3,炎龍の宝玉,1
ミヅハ真【胸当て】,0,1,10,1,11,99,109,151,-4,3,0,4,-1,聴覚保護,1,特殊攻撃,2,風圧,4,耐暑,-2,特殊会心,4,霞龍の特上皮,4,霞龍の剛翼,3,太古龍骨,3,,
トヨタマ真【胸当て】,0,2,10,1,11,99,63,98,-3,4,1,5,0,聴覚保護,1,特殊攻撃,2,風圧,4,耐暑,-2,特殊会心,4,霞龍の特上皮,4,霞龍の剛翼,3,太古龍骨,3,,
残陽・真【胴当て】,1,1,10,1,11,99,107,149,3,2,-4,3,-4,抜刀会心,1,不動,1,達人,5,砲術,3,底力,-2,豪山龍の重岩殻,6,豪龍岩,6,古龍の血,3,メランジェ鉱石,2
東雲・真【胴当て】,1,2,10,2,11,99,61,97,4,3,-3,4,-3,装填速度,-2,速射,1,不動,1,達人,2,貫通弾強化,3,豪山龍の重岩殻,6,豪龍岩,6,古龍の血,3,メランジェ鉱石,2
常磐・真【胸当て】,2,1,10,1,11,99,107,149,3,2,-4,3,-4,抜刀会心,1,不動,1,達人,5,砲術,3,底力,-2,豪山龍の重岩殻,6,豪龍岩,6,古龍の血,3,メランジェ鉱石,2
八千代・真【胸当て】,2,2,10,2,11,99,61,97,4,3,-3,4,-3,装填速度,-2,速射,1,不動,1,達人,2,貫通弾強化,3,豪山龍の重岩殻,6,豪龍岩,6,古龍の血,3,メランジェ鉱石,2
ゴグメイル,0,1,10,1,12,99,110,152,-4,3,0,3,-7,達人,4,砲術,2,研ぎ師,-1,秘伝,2,,,巨戟龍の塞鱗,3,戦火の龍神玉,1,超重質龍骨油,5,真紅蓮石,3
マゴグレジスト,0,2,10,1,12,99,64,98,-3,4,1,4,-6,装填速度,-3,通常弾強化,2,通常弾追加,4,射法,3,秘伝,2,巨戟龍の塞鱗,3,戦火の龍神玉,1,超重質龍骨油,5,真紅蓮石,3
リベリオンＺメイル,0,1,10,2,12,99,112,152,3,3,-2,-2,-3,状態耐性,2,属性解放,4,達人,-3,,,,,蛇帝龍の厚鋼皮,5,蛇帝龍の重胸殻,3,蛇帝龍の厚剣鱗,2,鋼龍の重殻,6
ライオットＺレジスト,0,2,10,2,12,99,65,98,4,4,-1,-1,-2,状態耐性,2,属性解放,4,達人,-3,,,,,蛇帝龍の厚鋼皮,5,蛇帝龍の重胸殻,3,蛇帝龍の厚剣鱗,2,鋼龍の重殻,6
アカムトＸウルンテ,0,1,10,2,12,99,110,150,4,0,-3,2,-5,匠,2,達人,4,聴覚保護,2,斬れ味,-2,,,覇竜の極大牙,3,覇竜の重棘,2,覇竜の厚鱗,4,火竜の天鱗,1
アカムトＸウルンペ,0,2,10,2,12,99,64,97,5,1,-2,3,-4,装填速度,-2,達人,4,聴覚保護,1,装填数,2,,,覇竜の極大牙,3,覇竜の重棘,2,覇竜の厚鱗,4,火竜の天鱗,1
ウカムルＸウルンテ,0,1,10,2,11,99,106,148,-5,0,-3,4,-2,剣術,2,匠,2,加護,-3,剛腕,4,,,崩竜の剛ビレ,5,崩竜の重削顎,3,崩竜の重殻,5,身も凍るクチバシ,2
ウカムルＸウルンペ,0,2,10,2,11,99,60,96,-4,1,-2,5,-1,装填速度,2,装填数,2,加護,-3,剛腕,4,,,崩竜の剛ビレ,5,崩竜の重削顎,3,崩竜の重殻,5,身も凍るクチバシ,2
グリードＺメイル,0,1,10,1,11,99,108,150,-1,-1,-3,-1,-1,攻撃,5,斬れ味,3,食事,3,腹減り,-2,,,血戦の漆黒皮,5,恐暴竜の剛鉤爪,4,恐暴竜の重牙,2,大竜玉,1
グリードＺレジスト,0,2,10,1,11,99,62,98,0,0,-2,0,0,反動,3,攻撃,5,食事,3,腹減り,-2,,,血戦の漆黒皮,5,恐暴竜の剛鉤爪,4,恐暴竜の重牙,2,大竜玉,1
エクスゼロＺメイル,0,1,10,1,12,99,116,152,3,-5,2,-3,1,聴覚保護,3,研ぎ師,-2,減気攻撃,4,食事,3,,,大轟竜の剛爆爪,4,大轟竜の重殻,6,轟竜のアギト,2,覇導玉,1
エクスゼロＺレジスト,0,2,10,1,12,99,69,98,4,-4,3,-2,2,反動,-2,聴覚保護,3,減気攻撃,4,食事,4,,,大轟竜の剛爆爪,4,大轟竜の重殻,6,轟竜のアギト,2,覇導玉,1
ブラキウムメイル,0,1,10,3,12,99,116,152,4,-3,0,-3,0,闘魂,2,底力,1,乗り,-2,剛腕,2,,,砕竜の弾頭殻,4,砕竜の重黒曜甲,3,重竜骨,6,光る粘菌,6
ブラキウムレジスト,0,2,10,3,12,99,69,98,5,-2,1,-2,1,闘魂,2,底力,1,乗り,-2,剛腕,2,,,砕竜の弾頭殻,4,砕竜の重黒曜甲,3,重竜骨,6,光る粘菌,6
ラースハイド,0,1,10,0,12,99,120,156,2,-1,1,-3,-4,怒,1,攻撃,4,防御,-3,斬術,2,,,黒龍の紅焔角,2,黒龍の紅焔殻,5,黒龍の紅焔鱗,4,黒鎧竜の天殻,1
ラーススキン,0,2,10,0,12,99,72,101,3,0,2,-2,-5,怒,1,攻撃,4,防御,-3,裏稼業,2,,,黒龍の紅焔角,2,黒龍の紅焔殻,5,黒龍の紅焔鱗,4,黒鎧竜の天殻,1
キリンＸベスト,0,1,10,1,11,99,98,145,-3,-3,5,-1,3,潔癖,3,属性解放,2,属性耐性,1,運気,-2,属性攻撃,1,キリンの特上皮,4,キリンの上皮,3,白銀のたてがみ,5,ピュアクリスタル,1
キリンＸケープ,0,2,10,1,11,99,54,94,-2,-2,6,0,4,潔癖,2,属性解放,2,属性耐性,2,運気,-2,属性攻撃,2,キリンの特上皮,4,キリンの上皮,3,白銀のたてがみ,5,ピュアクリスタル,1
キリンＺベスト,0,1,10,3,11,99,99,146,-3,-3,-1,6,3,属性耐性,2,運気,-2,氷属性攻撃,1,属性攻撃,1,,,キリンの靭霜尾,3,キリンの特上皮,6,古龍の血,5,堅牢な白銀の角,1
キリンＺケープ,0,2,10,3,11,99,55,95,-2,-2,0,7,4,属性耐性,2,運気,-2,氷属性攻撃,1,属性攻撃,1,,,キリンの靭霜尾,3,キリンの特上皮,6,古龍の血,5,堅牢な白銀の角,1
夜叉・真【羽衣】,0,1,10,2,11,99,110,152,2,2,0,-2,-2,剣術,2,属性耐性,1,底力,-2,根性,3,加護,2,太古の龍苔,2,太古の龍木,1,太古龍骨,5,,
修羅・真【羽衣】,0,2,10,2,11,99,64,99,3,4,2,-1,-1,属性耐性,1,底力,-2,根性,3,装填数,2,加護,2,太古の龍苔,2,太古の龍木,1,太古龍骨,5,,
大和・真【胴当て】,1,1,10,1,11,99,108,150,3,1,0,-4,-4,居合,2,匠,1,達人,4,底力,-2,溜め短縮,1,神々しい龍牙,2,峯山龍の重岩殻,4,古龍の大宝玉,1,,
陸奥・真【胴当て】,1,2,10,1,11,99,62,98,4,2,1,-3,-3,剛撃,2,装填速度,-2,反動,2,装填数,1,貫通弾強化,2,神々しい龍牙,2,峯山龍の重岩殻,4,古龍の大宝玉,1,,
日向・真【胸当て】,2,1,10,1,11,99,108,150,3,1,0,-4,-4,居合,2,匠,1,達人,4,底力,-2,溜め短縮,1,神々しい龍牙,2,峯山龍の重岩殻,4,古龍の大宝玉,1,,
天城・真【胸当て】,2,2,10,1,11,99,62,98,4,2,1,-3,-3,剛撃,2,装填速度,-2,反動,2,装填数,1,貫通弾強化,2,神々しい龍牙,2,峯山龍の重岩殻,4,古龍の大宝玉,1,,
エンプレスＸメイル,0,1,10,1,11,99,110,152,4,-2,1,-6,-2,属性解放,1,達人,4,ガード性能,2,耐寒,-3,職工,2,炎妃龍の重殻,2,獄炎の厚龍鱗,6,炎王龍の剛角,1,炎龍の宝玉,1
エンプレスＸレジスト,0,2,10,1,11,99,64,99,5,-1,2,-5,-1,属性解放,1,達人,4,ガード強化,2,耐寒,-3,職工,2,炎妃龍の重殻,2,獄炎の厚龍鱗,6,炎王龍の剛角,1,炎龍の宝玉,1
ヘリオスＸメイル,1,1,10,2,11,99,108,150,0,3,-2,1,-5,聴覚保護,2,重撃,2,水属性攻撃,4,加護,-2,,,大海龍の鱗,2,大海龍の鎧毛,1,特濃重甲エキス,1,,
ヘリオスＸレジスト,1,2,10,2,11,99,62,98,1,4,-1,2,-4,聴覚保護,2,重撃,2,水属性攻撃,4,加護,-2,,,大海龍の鱗,2,大海龍の鎧毛,1,特濃重甲エキス,1,,
セレネＸメイル,2,1,10,2,11,99,108,150,0,3,-2,1,-5,聴覚保護,2,重撃,2,水属性攻撃,4,加護,-2,,,大海龍の鱗,2,大海龍の鎧毛,1,特濃重甲エキス,1,,
セレネＸレジスト,2,2,10,2,11,99,62,98,1,4,-1,2,-4,聴覚保護,2,重撃,2,水属性攻撃,4,加護,-2,,,大海龍の鱗,2,大海龍の鎧毛,1,特濃重甲エキス,1,,
EX暁丸【胴当て】,1,1,10,1,12,99,116,152,-2,2,0,2,-4,頑強,4,スタミナ,-2,加護,3,斬術,1,,,老山龍の重殻,5,老山龍の厚鱗,2,轟竜の天鱗,1,,
EX曙丸【胴当て】,1,2,10,1,12,99,69,98,-1,3,1,3,-3,頑強,4,スタミナ,-2,加護,3,裏稼業,2,,,老山龍の重殻,5,老山龍の厚鱗,2,轟竜の天鱗,1,,
EX凛【胸当て】,2,1,10,1,12,99,116,152,-2,2,0,2,-4,頑強,4,スタミナ,-2,加護,3,斬術,1,,,老山龍の重殻,5,老山龍の厚鱗,2,轟竜の天鱗,1,,
EX艶【胸当て】,2,2,10,1,12,99,69,98,-1,3,1,3,-3,頑強,4,スタミナ,-2,加護,3,裏稼業,2,,,老山龍の重殻,5,老山龍の厚鱗,2,轟竜の天鱗,1,,
荒天【衣】,0,1,10,0,12,99,112,152,-3,4,0,0,-5,匠,4,本気,2,水属性攻撃,4,食事,-2,属性会心,1,嵐龍の堅殻,5,嵐龍の飛膜,1,天空の龍玉,1,大地を穿つ剛角,1
蒼天【衣】,0,2,10,0,12,99,65,98,-2,5,0,0,-4,本気,3,装填数,4,水属性攻撃,3,食事,-2,属性会心,1,嵐龍の堅殻,5,嵐龍の飛膜,1,天空の龍玉,1,大地を穿つ剛角,1
ミラアルマハイド,0,1,10,3,12,99,116,152,4,0,-3,1,-7,本気,3,不動,1,攻撃,3,スタミナ,-1,,,煉黒龍の黒鱗,5,煉黒龍の灼熱核,2,いにしえの巨龍骨,3,砕竜の天殻,1
ミラアルマスキン,0,2,10,3,12,99,69,98,5,1,-2,2,-6,本気,3,不動,1,攻撃,3,スタミナ,-1,,,煉黒龍の黒鱗,5,煉黒龍の灼熱核,2,いにしえの巨龍骨,3,砕竜の天殻,1
EXエスカドラソウル,0,1,10,2,12,99,112,152,-3,-2,3,3,-2,属性耐性,2,回避距離,1,気絶,-2,秘伝,2,,,煌黒龍の天鱗,5,煌黒龍の凶爪,2,砕竜の天殻,1,砕竜の重黒曜甲,6
EXエスカドラゼーレ,0,2,10,2,12,99,65,98,-2,-1,4,4,-1,属性耐性,1,回避距離,1,気絶,-2,射法,3,,,煌黒龍の天鱗,5,煌黒龍の凶爪,2,砕竜の天殻,1,砕竜の重黒曜甲,6
MHB金ロゴジャケット,0,1,10,0,9,99,70,147,0,0,0,0,0,本気,15,,,,,,,,,モンハン部会報誌,3,金火竜の上鱗,2,白猿狐の豪剛毛,6,白猿狐の地獄耳,3
MHB銀ロゴジャージ,0,2,10,0,9,99,36,88,0,0,0,0,0,本気,15,,,,,,,,,モンハン部会報誌,3,銀火竜の上鱗,2,白猿狐の豪剛毛,6,白猿狐の地獄耳,3
スターナイトメイル,0,1,10,1,11,99,100,151,1,1,1,1,1,匠,1,闘魂,2,乗り,4,斬術,3,,,スタジオＳパス,1,大長老チケットＳ,2,千刃竜の斬刃鱗,6,千刃竜の破刃,4
スターナイトレジスト,0,2,10,0,11,99,55,97,2,2,2,2,2,闘魂,2,無傷,2,装填数,3,乗り,3,,,スタジオＳパス,1,大長老チケットＳ,2,千刃竜の斬刃鱗,6,千刃竜の破刃,4
反逆王Ｊスーツ,0,1,10,0,11,99,100,151,-4,-4,-4,-4,-4,強欲,3,剥ぎ取り,2,回復量,-4,秘伝,2,,,反逆Ｊチケット,1,炎龍の剛爪,4,炎王龍の重殻,4,古龍の大宝玉,1
反逆王Ｊベスト,0,2,10,0,11,99,55,97,-3,-3,-3,-3,-3,強欲,3,剥ぎ取り,2,回復量,-4,射法,2,,,反逆Ｊチケット,1,炎龍の剛爪,4,炎王龍の重殻,4,古龍の大宝玉,1
王者のボディ,0,1,10,0,11,99,88,152,-2,-2,-2,-2,4,不動,4,重撃,2,属性攻撃,-2,体術,2,剛腕,1,刃牙道の証,1,黄金の煌毛,1,金獅子の剛角,2,金獅子の剛爪,3
強者のボディ,0,2,10,0,11,99,47,100,-1,-1,-1,-1,5,不動,4,重撃,2,属性攻撃,-2,体術,2,剛腕,1,刃牙道の証,1,黄金の煌毛,1,金獅子の剛角,2,金獅子の剛爪,3
バリアスーツアーマー,1,1,10,3,11,99,116,152,3,3,3,3,-4,状態耐性,3,不動,2,腹減り,-3,,,,,モジュール機能,1,エルトライト鉱石,10,骸蜘蛛の重殻,6,骸蜘蛛の重鋏角,3
バリアスーツバリアー,1,2,10,3,11,99,69,100,4,4,4,4,-3,状態耐性,3,不動,2,腹減り,-3,,,,,モジュール機能,1,エルトライト鉱石,10,骸蜘蛛の重殻,6,骸蜘蛛の重鋏角,3
ゼロスーツボディ,2,1,10,3,11,99,88,142,3,3,3,3,-4,回避術,2,防御,-3,気力回復,3,,,,,モジュール機能,1,コスモライト鉱石,4,骸蜘蛛の重殻,6,骸蜘蛛の重鋏角,3
ゼロスーツウェア,2,2,10,3,11,99,47,92,4,4,4,4,-3,回避術,2,防御,-3,気力回復,3,,,,,モジュール機能,1,コスモライト鉱石,4,骸蜘蛛の重殻,6,骸蜘蛛の重鋏角,3
Ｇ・ルナＺメイル,0,1,10,2,11,99,108,150,2,-4,-7,0,4,運気,3,捕獲,3,重撃,1,雷耐性,-2,加護,2,金火竜の厚鱗,5,大竜玉,1,雌火竜の紅玉,2,コスモライト鉱石,4
Ｇ・ルナＺレジスト,0,2,10,2,11,99,62,98,3,-3,-6,1,5,運気,3,捕獲,3,重撃,1,雷耐性,-2,加護,1,金火竜の厚鱗,5,大竜玉,1,雌火竜の紅玉,2,コスモライト鉱石,4
Ｓ・ソルＺメイル,0,1,10,3,11,99,108,150,2,-7,-4,0,4,痛撃,1,達人,3,斬れ味,2,回復量,-2,,,銀火竜の重殻,5,銀火竜の厚鱗,6,火竜の剛翼,3,重竜骨,3
Ｓ・ソルＺレジスト,0,2,10,3,11,99,62,98,3,-6,-3,1,5,痛撃,1,達人,3,貫通弾強化,2,回復量,-2,,,銀火竜の重殻,5,銀火竜の厚鱗,6,火竜の剛翼,3,重竜骨,3
リベリオンＸメイル,0,1,10,1,12,99,110,152,3,3,-2,-2,-3,刀匠,3,怒,1,攻撃,-4,,,,,蛇王龍の厚鋼皮,5,蛇王龍の重胸殻,3,蛇王龍の厚剣鱗,2,天廻龍の天鱗,1
ライオットＸレジスト,0,2,10,1,12,99,64,98,4,4,-1,-1,-2,射手,3,怒,1,攻撃,-4,,,,,蛇王龍の厚鋼皮,5,蛇王龍の重胸殻,3,蛇王龍の厚剣鱗,2,天廻龍の天鱗,1
ドラゴンＸハイド,0,1,10,1,12,99,118,154,-3,2,2,-1,-6,剛撃,2,匠,1,斬れ味,2,納刀,2,溜め短縮,-3,黒龍の剛角,2,黒龍の重殻,4,黒龍の厚鱗,4,火竜の天鱗,1
ドラゴンＸスキン,0,2,10,1,12,99,71,100,-2,3,3,0,-5,剛撃,2,納刀,2,溜め短縮,-3,装填数,1,貫通弾強化,2,黒龍の剛角,2,黒龍の重殻,4,黒龍の厚鱗,4,火竜の天鱗,1
ミラルーツハイド,0,1,10,1,12,99,120,156,-2,2,2,-1,-7,刀匠,1,運気,-4,達人,5,無傷,3,体術,1,祖龍の剛角,2,祖龍の重殻,3,祖龍の厚白鱗,2,古龍の大宝玉,1
ミラルーツスキン,0,2,10,1,12,99,72,101,-1,3,3,0,-6,射手,1,運気,-4,達人,5,無傷,3,体術,1,祖龍の剛角,2,祖龍の重殻,3,祖龍の厚白鱗,2,古龍の大宝玉,1
GXハンターアーマー,0,1,10,3,12,99,120,156,0,1,-3,0,0,抜刀会心,3,不動,4,研ぎ師,-4,,,,,狩人チケット,1,金獅子の怒髪天,6,黄金の煌毛,3,真紅蓮石,1
GXハンタープレート,0,2,10,3,12,99,72,101,1,2,-2,1,1,装填速度,-4,速射,3,不動,4,,,,,狩人チケット,1,金獅子の怒髪天,6,黄金の煌毛,3,真紅蓮石,1
GXグリードアーマー,0,1,10,0,12,99,100,151,-5,-5,-5,-5,-5,痛撃,1,剥ぎ取り,2,運気,4,達人,-4,,,強欲チケット,1,極悪な牙,6,真紅蓮石,5,大長老チケットＳ,3
GXグリードプレート,0,2,10,0,12,99,55,97,-4,-4,-4,-4,-4,痛撃,1,剥ぎ取り,2,運気,4,達人,-4,,,強欲チケット,1,極悪な牙,6,真紅蓮石,5,大長老チケットＳ,3
GX荒天【羽衣】,0,1,10,1,12,99,88,152,-3,4,0,0,-5,匠,2,回避性能,3,体力,-3,研ぎ師,2,回避距離,2,嵐龍チケット,2,巨戟龍の城殻,4,巨戟龍の塞鱗,6,戦火の龍神玉,1
GX蒼天【羽衣】,0,2,10,1,12,99,47,100,-2,5,0,0,-4,回避性能,3,体力,-3,回避距離,2,装填数,2,調合成功率,2,嵐龍チケット,2,巨戟龍の城殻,4,巨戟龍の塞鱗,6,戦火の龍神玉,1
GXミラバルＺアーマー,0,1,10,1,12,99,110,152,2,-1,1,-3,-7,刀匠,2,根性,1,体術,-3,秘伝,2,,,紅龍チケット,1,黒龍の紅焔殻,4,黒龍の紅焔翼,4,ラージャンハート,1
GXミラバルＺプレート,0,2,10,1,12,99,64,98,3,0,2,-2,-6,射手,2,根性,1,体術,-3,裏稼業,2,,,紅龍チケット,1,黒龍の紅焔殻,4,黒龍の紅焔翼,4,ラージャンハート,1
レイジのメイル,1,1,10,0,12,99,110,150,3,2,2,2,-5,強欲,2,匠,3,痛撃,2,達人,2,斬れ味,-3,女神の抱擁,2,金獅子の黒荒毛,3,二律を纏う乱翼,4,獄炎石,2
レイジのレジスト,1,2,10,0,12,99,65,98,4,3,3,3,-4,強欲,2,装填速度,-3,砲術,2,装填数,3,KO,2,女神の抱擁,2,金獅子の黒荒毛,3,二律を纏う乱翼,4,獄炎石,2
アナトのメイル,2,1,10,0,12,99,110,150,3,2,2,2,-5,強欲,2,匠,3,痛撃,2,達人,2,斬れ味,-3,女神の抱擁,2,金獅子の黒荒毛,3,二律を纏う乱翼,4,獄炎石,2
アナトのレジスト,2,2,10,0,12,99,65,98,4,3,3,3,-4,強欲,2,装填速度,-3,砲術,2,装填数,3,KO,2,女神の抱擁,2,金獅子の黒荒毛,3,二律を纏う乱翼,4,獄炎石,2
