#名前,"性別(0=両,1=男,2=女)","タイプ(0=両方,1=剣士,2=ガンナー)",レア度,スロット数,入手時期／集☆（99=集入手不可）,入手時期／村☆（99=村入手不可）,初期防御力,最終防御力,火耐性,水耐性,雷耐性,氷耐性,龍耐性,スキル系統1,スキル値1,スキル系統2,スキル値2,スキル系統3,スキル値3,スキル系統4,スキル値4,スキル系統5,スキル値5,生産素材1,個数,生産素材2,個数,生産素材3,個数,生産素材4,個数
レザーヘッド,0,0,1,1,1,1,1,71,-1,0,0,0,1,採取,2,気まぐれ,3,,,,,,,暖かい毛皮,1,鉄鉱石,1,,,,
ブレイブヘッド,0,0,1,1,1,1,1,71,2,0,0,0,1,体力,-1,回復速度,3,乗り,2,,,,,竜骨【小】,1,,,,,,
チェーンヘッド,0,0,1,1,1,1,4,73,2,1,-2,1,0,体力,1,腹減り,1,,,,,,,大地の結晶,1,鉄鉱石,1,,,,
ハンターヘルム,0,0,1,1,1,1,6,112,0,1,-3,0,0,調合成功率,2,狩人,2,毒,-2,,,,,マカライト鉱石,1,鉄鉱石,1,のりこねバッタ,2,,
ハンターキャップ,0,0,1,1,1,1,3,72,1,2,-2,1,1,調合成功率,3,狩人,2,毒,-2,,,,,マカライト鉱石,1,鉄鉱石,1,のりこねバッタ,2,,
ボーンヘルム,0,0,1,0,1,2,7,113,1,0,-1,-2,0,KO,1,笛,1,,,,,,,なぞの骨,2,なぞの頭骨,1,甲虫の大顎,1,,
ボーンキャップ,0,0,1,0,1,2,4,73,2,1,0,-1,1,KO,1,笛,1,,,,,,,なぞの骨,2,なぞの頭骨,1,甲虫の大顎,1,,
アロイヘルム,0,0,1,1,1,1,8,114,-1,1,-2,-1,0,防御,2,採取,-2,風圧,2,,,,,マカライト鉱石,3,大地の結晶,2,鉄鉱石,3,,
アロイキャップ,0,0,1,1,1,1,4,73,0,2,-1,0,1,採取,-1,散弾強化,2,散弾追加,2,,,,,マカライト鉱石,3,大地の結晶,2,鉄鉱石,3,,
ブナハハット,0,0,2,0,1,2,10,116,-4,-1,2,-1,2,攻撃,-2,特殊攻撃,2,納刀,1,麻痺,2,,,飛甲虫の甲殻,2,飛甲虫の羽,3,雷光虫,1,のりこねバッタ,2
ブナハキャップ,0,0,2,0,1,2,5,73,-3,0,3,0,3,攻撃,-2,特殊攻撃,3,納刀,2,麻痺,2,,,飛甲虫の甲殻,2,飛甲虫の羽,3,雷光虫,1,のりこねバッタ,2
ズワロフード,0,0,2,2,2,3,10,116,-2,2,0,-1,1,体力,2,回復速度,5,睡眠,-1,,,,,垂皮竜の皮,2,マカライト鉱石,4,暖かい毛皮,3,,
ズワロフッド,0,0,2,3,2,3,5,73,-1,3,1,0,2,体力,2,回復速度,4,睡眠,-1,,,,,垂皮竜の皮,2,マカライト鉱石,4,暖かい毛皮,3,,
リノプロヘルム,0,0,2,1,1,3,8,114,1,-1,-1,-1,1,KO,1,気絶,-2,耐泥耐雪,1,,,,,草食竜の頭殻,1,草食竜の甲殻,2,鉄鉱石,2,,
リノプロキャップ,0,0,2,1,1,3,4,73,2,0,0,0,2,KO,2,気絶,-2,耐泥耐雪,2,,,,,草食竜の頭殻,1,草食竜の甲殻,2,鉄鉱石,2,,
ガブラスヘッド,0,0,2,1,3,99,15,117,1,-2,2,1,-3,属性解放,1,属性耐性,-2,毒,4,,,,,翼蛇竜の頭,1,火竜の翼膜,3,モンスターの体液,2,蟲のコイン,1
ガブラスフェイス,0,0,2,1,3,99,8,74,2,-1,3,2,-2,属性解放,1,属性耐性,-2,毒,4,,,,,翼蛇竜の頭,1,火竜の翼膜,3,モンスターの体液,2,蟲のコイン,1
ジャギィヘルム,0,0,2,2,1,2,10,116,-2,0,0,0,1,研ぎ師,1,効果持続,-1,気絶,1,,,,,狗竜の皮,3,狗竜の爪,1,ジャギィの鱗,2,鉄鉱石,3
ジャギィキャップ,0,0,2,1,1,2,5,73,-1,1,1,1,2,装填速度,2,効果持続,-1,気絶,2,,,,,狗竜の皮,3,狗竜の爪,1,ジャギィの鱗,2,鉄鉱石,3
ゲネポスヘルム,0,0,2,1,2,3,12,116,1,1,-2,-3,2,特殊攻撃,2,麻痺,1,,,,,,,ドスゲネポスの皮,2,ゲネポスの鱗,3,鉄鉱石,4,竜骨【小】,2
ゲネポスキャップ,0,0,2,2,2,3,6,73,2,2,-1,-2,3,特殊攻撃,1,麻痺,1,,,,,,,ドスゲネポスの皮,2,ゲネポスの鱗,3,鉄鉱石,4,竜骨【小】,2
イーオスヘルム,0,0,2,2,3,5,15,117,0,-3,-3,2,2,特殊攻撃,2,毒,2,気絶,-2,,,,,ドスイーオスの皮,3,イーオスの皮,2,イーオスの鱗,4,鉄鉱石,2
イーオスキャップ,0,0,2,2,3,5,8,74,1,-2,-2,3,3,特殊攻撃,2,毒,3,気絶,-2,,,,,ドスイーオスの皮,3,イーオスの皮,2,イーオスの鱗,4,鉄鉱石,2
ウルクヘルム,0,0,2,3,2,4,15,117,-2,2,-1,2,2,回避距離,2,耐暑,-1,耐寒,2,,,,,白兎獣の耳,2,大きな骨,2,狗竜の皮,4,氷結晶,2
ウルクキャップ,0,0,2,3,2,4,8,74,-1,3,0,3,3,回避距離,2,耐暑,-1,耐寒,2,,,,,白兎獣の耳,2,大きな骨,2,狗竜の皮,4,氷結晶,2
ケチャヘルム,0,0,2,0,1,3,14,116,-3,2,-2,0,2,運気,-2,水属性攻撃,3,気まぐれ,2,,,,,奇猿狐の毛,3,奇猿狐の尻尾,1,大きな骨,2,のりこねバッタ,2
ケチャキャップ,0,0,2,0,1,3,7,74,-2,3,-1,1,3,運気,-1,水属性攻撃,3,気まぐれ,2,,,,,奇猿狐の毛,3,奇猿狐の尻尾,1,大きな骨,2,のりこねバッタ,2
コンガヘルム,0,0,2,1,2,4,14,116,-3,1,1,-1,2,細菌学,2,食いしん坊,4,腹減り,-2,,,,,極彩色の毛,1,桃毛獣の毛,2,とがった爪,3,のりこねバッタ,2
コンガキャップ,0,0,2,1,2,4,7,74,-2,2,2,0,3,細菌学,2,食いしん坊,4,腹減り,-2,,,,,極彩色の毛,1,桃毛獣の毛,2,とがった爪,3,のりこねバッタ,2
ゲリョスヘルム,0,0,2,1,1,3,14,116,-4,1,2,-2,0,スタミナ,1,腹減り,-2,毒,2,,,,,ゴム質の皮,2,大地の結晶,2,ゲネポスの皮,2,鉄鉱石,5
ゲリョスキャップ,0,0,2,1,1,3,7,74,-3,2,3,-1,1,スタミナ,1,腹減り,-2,毒,2,,,,,ゴム質の皮,2,大地の結晶,2,ゲネポスの皮,2,鉄鉱石,5
カブラヘルム,0,0,2,1,1,3,16,118,2,-3,-2,0,1,防御,2,採取,-2,体力,3,,,,,鬼蛙の大牙,2,厳めしい頭骨,1,鬼蛙の甲殻,2,マカライト鉱石,2
カブラキャップ,0,0,2,2,1,3,8,74,3,-2,-1,1,2,防御,2,採取,-2,体力,2,,,,,鬼蛙の大牙,2,厳めしい頭骨,1,鬼蛙の甲殻,2,マカライト鉱石,2
スキュラヘルム,0,0,2,1,2,4,19,121,-2,2,-2,1,2,観察眼,3,腹減り,-2,高速設置,2,睡眠,2,,,影蜘蛛の鋏角,2,影蜘蛛の甲殻,1,影蜘蛛の棘,1,盾虫の甲殻,2
スキュラキャップ,0,0,2,1,2,4,9,75,-1,3,-1,2,3,観察眼,4,腹減り,-2,高速設置,1,睡眠,2,,,影蜘蛛の鋏角,2,影蜘蛛の甲殻,1,影蜘蛛の棘,1,盾虫の甲殻,2
ザボアヘルム,0,0,2,1,2,4,20,122,-2,2,-3,2,0,体力,1,氷属性攻撃,2,肉食,4,腹減り,-2,,,化け鮫の鋸歯,2,化け鮫の刃尾,1,化け鮫の皮,3,カワズの油,1
ザボアキャップ,0,0,2,2,2,4,10,76,-1,3,-2,3,1,体力,1,氷属性攻撃,2,肉食,3,腹減り,-2,,,化け鮫の鋸歯,2,化け鮫の刃尾,1,化け鮫の皮,3,カワズの油,1
ガララヘルム,0,0,2,2,2,4,20,122,1,-2,0,-4,1,捕獲,1,聴覚保護,3,気まぐれ,-2,麻痺,2,,,絞蛇竜の鳴甲,3,絞蛇竜の甲殻,4,寒気立つクチバシ,1,ゲネポスの鱗,4
ガララキャップ,0,0,2,2,2,4,10,76,2,-1,1,-3,2,捕獲,1,聴覚保護,4,気まぐれ,-3,麻痺,1,,,絞蛇竜の鳴甲,3,絞蛇竜の甲殻,4,寒気立つクチバシ,1,ゲネポスの鱗,4
フルフルヘルム,0,0,2,1,2,4,19,121,-4,1,1,2,1,雷属性攻撃,2,回復量,2,,,,,,,アルビノの中落ち,1,ブヨブヨした皮,2,大地の結晶,4,モンスターの体液,2
フルフルキャップ,0,0,2,2,2,4,10,76,-3,2,2,3,2,雷属性攻撃,2,回復量,2,,,,,,,アルビノの中落ち,1,ブヨブヨした皮,2,大地の結晶,4,モンスターの体液,2
レイアヘルム,0,0,2,1,2,4,19,121,2,0,-2,0,-3,体力,3,火属性攻撃,2,回復速度,-2,,,,,雌火竜の棘,1,雌火竜の鱗,4,雌火竜の甲殻,3,大地の結晶,5
レイアキャップ,0,0,2,1,2,4,10,76,3,1,-1,1,-2,体力,3,火属性攻撃,2,回復速度,-2,,,,,雌火竜の棘,1,雌火竜の鱗,4,雌火竜の甲殻,3,大地の結晶,5
ランポスヘルム,0,0,2,1,1,2,13,117,0,0,0,-4,2,攻撃,2,千里眼,2,麻痺,-1,気絶,1,,,ドスランポスの皮,3,ドスランポスの爪,1,ランポスの鱗,2,のりこねバッタ,2
ランポスキャップ,0,0,2,2,1,2,7,74,1,1,1,-3,3,攻撃,1,千里眼,2,麻痺,-1,気絶,1,,,ドスランポスの皮,3,ドスランポスの爪,1,ランポスの鱗,2,のりこねバッタ,2
クックヘルム,0,0,2,1,1,2,16,118,2,-1,-2,-3,2,攻撃,2,火属性攻撃,4,水耐性,-2,,,,,怪鳥の耳,2,怪鳥の甲殻,2,怪鳥の翼膜,1,ランポスの皮,2
クックキャップ,0,0,2,2,1,2,8,74,3,0,-1,-2,3,攻撃,2,火属性攻撃,4,水耐性,-3,,,,,怪鳥の耳,2,怪鳥の甲殻,2,怪鳥の翼膜,1,ランポスの皮,2
バサルヘルム,0,0,2,2,2,3,18,120,0,-2,1,1,-3,耐暑,1,睡眠,2,,,,,,,岩竜の甲殻,3,マカライト鉱石,5,怪鳥の鱗,2,キレアジ,10
バサルキャップ,0,0,2,2,2,3,9,75,1,-1,2,2,-2,耐暑,1,睡眠,2,,,,,,,岩竜の甲殻,3,マカライト鉱石,5,怪鳥の鱗,2,キレアジ,10
アシラヘルム,0,0,2,1,99,3,13,117,-2,1,0,-1,1,食いしん坊,4,腹減り,-2,ハチミツ,2,,,,,青熊獣の甲殻,2,青熊獣の毛,2,のりこねバッタ,2,,
アシラキャップ,0,0,2,2,99,3,7,74,-1,2,1,0,2,食いしん坊,3,腹減り,-2,ハチミツ,3,,,,,青熊獣の甲殻,2,青熊獣の毛,2,のりこねバッタ,2,,
ルドロスヘルム,0,0,2,0,99,3,15,117,-3,2,-1,-1,1,スタミナ,2,水属性攻撃,2,雷耐性,-2,耐暑,2,,,水獣の爪,2,マカライト鉱石,2,ランポスの皮,2,のりこねバッタ,2
ルドロスキャップ,0,0,2,0,99,3,7,74,-2,3,0,0,2,スタミナ,3,水属性攻撃,3,雷耐性,-2,耐暑,2,,,水獣の爪,2,マカライト鉱石,2,ランポスの皮,2,のりこねバッタ,2
ボロスヘルム,0,0,2,1,99,4,18,120,0,0,1,-2,0,攻撃,3,ガード性能,3,腹減り,-2,,,,,土砂竜の甲殻,1,土砂竜の頭殻,1,草食竜の頭殻,2,,
ボロスキャップ,0,0,2,1,99,4,8,74,1,1,2,-1,1,攻撃,3,防御,1,精密射撃,1,腹減り,-2,,,土砂竜の甲殻,1,土砂竜の頭殻,1,草食竜の頭殻,2,,
ハプルヘルム,0,0,2,1,99,5,21,123,2,0,-2,-4,1,納刀,1,食事,2,,,,,,,鮮やかな体液,1,潜口竜の皮,2,竜骨【中】,2,,
ハプルキャップ,0,0,2,1,99,5,10,76,3,1,-1,-3,2,納刀,2,食事,3,,,,,,,鮮やかな体液,1,潜口竜の皮,2,竜骨【中】,2,,
ギザミヘルム,0,0,2,1,99,5,21,123,1,2,-1,-1,0,匠,1,達人,-1,斬れ味,2,研ぎ師,1,,,鎌蟹の鋏,1,鎌蟹の甲殻,2,とがった爪,2,,
ギザミキャップ,0,0,2,2,99,5,10,76,2,3,0,0,1,防御,-1,貫通弾強化,2,貫通弾追加,1,精密射撃,1,,,鎌蟹の鋏,1,鎌蟹の甲殻,2,とがった爪,2,,
ハイメタヘルム,0,0,2,1,2,4,14,116,-2,-2,3,-1,0,砲術,1,体力,2,スタミナ,-2,,,,,ドラグライト鉱石,2,マカライト鉱石,3,ライトクリスタル,1,大地の結晶,2
ハイメタキャップ,0,0,2,1,2,4,7,74,-1,-1,4,0,1,砲術,1,体力,2,スタミナ,-2,,,,,ドラグライト鉱石,2,マカライト鉱石,3,ライトクリスタル,1,大地の結晶,2
バトルヘルム,0,0,2,2,3,5,14,116,2,-2,-2,-1,0,攻撃,2,研ぎ師,1,,,,,,,縞模様の皮,2,鉄鉱石,5,盾虫の甲殻,4,大地の結晶,2
バトルキャップ,0,0,2,2,3,5,7,74,3,-1,-1,0,1,装填速度,1,攻撃,2,,,,,,,縞模様の皮,2,鉄鉱石,5,盾虫の甲殻,4,大地の結晶,2
ゴアヘルム,0,0,3,1,3,5,21,123,-4,2,-3,1,-2,細菌学,2,闘魂,4,火耐性,-3,,,,,黒蝕竜の触角,2,黒蝕竜の鱗,3,穢れた竜鱗,3,徹甲虫の羽,3
ゴアキャップ,0,0,3,2,3,5,11,77,-3,3,-2,2,-1,細菌学,2,闘魂,3,火耐性,-3,,,,,黒蝕竜の触角,2,黒蝕竜の鱗,3,穢れた竜鱗,3,徹甲虫の羽,3
レウスヘルム,0,0,3,0,3,5,23,125,2,0,-2,0,-3,攻撃,3,火属性攻撃,1,回復量,-2,,,,,火竜の鱗,3,火竜の甲殻,3,火竜の翼爪,1,ドラグライト鉱石,3
レウスキャップ,0,0,3,0,3,5,12,78,3,1,-1,1,-2,攻撃,4,火属性攻撃,2,回復量,-2,,,,,火竜の鱗,3,火竜の甲殻,3,火竜の翼爪,1,ドラグライト鉱石,3
レックスヘルム,0,0,3,1,3,5,22,124,2,-1,-4,0,-2,攻撃,3,研ぎ師,-2,食いしん坊,4,,,,,轟竜の頭殻,1,轟竜の牙,4,轟竜の鱗,3,鮫肌の鱗,2
レックスキャップ,0,0,3,1,3,5,11,77,3,0,-3,1,-1,反動,-2,攻撃,4,食いしん坊,4,,,,,轟竜の頭殻,1,轟竜の牙,4,轟竜の鱗,3,鮫肌の鱗,2
ジンオウヘルム,0,0,3,2,3,5,21,123,0,-2,2,-4,1,本気,1,雷属性攻撃,1,気配,-2,,,,,雷狼竜の角,1,雷狼竜の帯電毛,2,雷狼竜の甲殻,2,徹甲虫の甲殻,3
ジンオウキャップ,0,0,3,2,3,5,10,76,1,-1,3,-3,2,本気,1,雷属性攻撃,2,気配,-2,,,,,雷狼竜の角,1,雷狼竜の帯電毛,2,雷狼竜の甲殻,2,徹甲虫の甲殻,3
セルタスヘルム,0,0,3,1,3,5,21,123,-3,2,-1,-2,2,砲術,3,斬れ味,3,気力回復,-2,,,,,重甲虫の甲殻,4,重甲虫の大顎,2,重甲虫の円月尾,1,徹甲虫の角,1
セルタスキャップ,0,0,3,2,3,5,10,76,-2,3,0,-1,3,砲術,3,装填数,2,気力回復,-2,,,,,重甲虫の甲殻,4,重甲虫の大顎,2,重甲虫の円月尾,1,徹甲虫の角,1
グラビドヘルム,0,0,3,1,3,5,23,125,2,-3,0,1,-2,防御,2,ガード性能,3,スタミナ,-1,,,,,鎧竜の甲殻,4,鎧竜の頭殻,2,竜骨【大】,3,イーオスの皮,4
グラビドキャップ,0,0,3,1,3,5,12,78,3,-2,1,2,-1,反動,3,防御,2,スタミナ,-1,,,,,鎧竜の甲殻,4,鎧竜の頭殻,2,竜骨【大】,3,イーオスの皮,4
ブラキヘルム,0,0,3,1,3,6,22,124,2,-4,0,-2,0,闘魂,2,回避性能,-2,爆弾強化,2,,,,,砕竜の黒曜甲,3,砕竜の頭殻,1,なぞの粘菌,3,紅蓮石,2
ブラキキャップ,0,0,3,1,3,6,11,77,3,-3,1,-1,1,闘魂,3,回避性能,-2,爆弾強化,2,,,,,砕竜の黒曜甲,3,砕竜の頭殻,1,なぞの粘菌,3,紅蓮石,2
残陽【兜】,1,0,3,2,4,6,26,126,2,1,-3,2,-3,抜刀減気,2,達人,1,底力,-3,スタミナ,3,,,荒々しい龍角,4,豪山龍の紅鱗,5,豪山龍の甲岩殻,3,雌火竜の逆鱗,1
東雲【陣笠】,1,0,3,2,4,6,13,78,3,2,-2,3,-2,装填速度,-3,スタミナ,2,無傷,2,貫通弾強化,2,,,荒々しい龍角,4,豪山龍の紅鱗,5,豪山龍の甲岩殻,3,雌火竜の逆鱗,1
常磐【兜】,2,0,3,2,4,6,26,126,2,1,-3,2,-3,抜刀減気,2,達人,1,底力,-3,スタミナ,3,,,荒々しい龍角,4,豪山龍の紅鱗,5,豪山龍の甲岩殻,3,雌火竜の逆鱗,1
八千代【冠】,2,0,3,2,4,6,13,78,3,2,-2,3,-2,装填速度,-3,スタミナ,2,無傷,2,貫通弾強化,2,,,荒々しい龍角,4,豪山龍の紅鱗,5,豪山龍の甲岩殻,3,雌火竜の逆鱗,1
アークヘルム,1,0,3,1,7,6,24,126,-3,3,0,1,-5,本気,4,火耐性,-3,狂撃耐性,2,,,,,天廻龍の角,2,天廻龍の鱗,3,純白の龍鱗,2,ライトクリスタル,2
アークキャップ,1,0,3,2,7,6,12,78,-2,4,1,2,-4,本気,3,火耐性,-3,狂撃耐性,2,,,,,天廻龍の角,2,天廻龍の鱗,3,純白の龍鱗,2,ライトクリスタル,2
フィリアヘルム,2,0,3,1,7,6,24,126,-3,3,0,1,-5,本気,4,火耐性,-3,狂撃耐性,2,,,,,天廻龍の角,2,天廻龍の鱗,3,純白の龍鱗,2,ライトクリスタル,2
フィリアキャップ,2,0,3,2,7,6,12,78,-2,4,1,2,-4,本気,3,火耐性,-3,狂撃耐性,2,,,,,天廻龍の角,2,天廻龍の鱗,3,純白の龍鱗,2,ライトクリスタル,2
ガルルガヘルム,0,0,3,2,3,5,24,126,1,-3,1,-2,0,達人,3,聴覚保護,2,,,,,,,黒狼鳥の耳,2,尖ったクチバシ,2,黒狼鳥の甲殻,3,黒狼鳥のたてがみ,2
ガルルガキャップ,0,0,3,2,3,5,12,78,2,-2,2,-1,1,達人,3,聴覚保護,2,,,,,,,黒狼鳥の耳,2,尖ったクチバシ,2,黒狼鳥の甲殻,3,黒狼鳥のたてがみ,2
キリンホーン,0,0,3,2,3,6,26,126,-2,-2,4,0,2,属性耐性,2,運気,-2,属性攻撃,1,,,,,キリンの皮,5,キリンの雷角,3,キリンのたてがみ,2,黒狼鳥のたてがみ,2
キリンコルノ,0,0,3,2,3,6,13,78,-1,-1,5,1,3,属性耐性,2,運気,-2,属性攻撃,1,,,,,キリンの皮,5,キリンの雷角,3,キリンのたてがみ,2,黒狼鳥のたてがみ,2
ナルガヘルム,0,0,3,1,99,5,22,124,-2,1,-4,1,1,匠,1,回避性能,1,スタミナ,-2,回避距離,3,,,迅竜の黒毛,5,狗竜の皮,5,縞模様の皮,5,,
ナルガキャップ,0,0,3,1,99,5,11,77,-1,2,-3,2,2,回避性能,2,スタミナ,-2,回避距離,3,装填数,1,,,迅竜の黒毛,5,狗竜の皮,5,縞模様の皮,5,,
ガンキンヘルム,0,0,3,1,99,5,24,126,2,-4,1,-1,-2,防御,3,スタミナ,-1,減気攻撃,1,,,,,爆鎚竜の骨髄,1,爆鎚竜の耐熱殻,3,ドラグライト鉱石,3,,
ガンキンキャップ,0,0,3,1,99,5,12,78,3,-3,2,0,-1,防御,4,スタミナ,-1,通常弾強化,1,,,,,爆鎚竜の骨髄,1,爆鎚竜の耐熱殻,3,ドラグライト鉱石,3,,
ドボルヘルム,0,0,3,2,99,6,24,126,-4,2,1,-2,1,攻撃,3,達人,-1,回復速度,1,,,,,尾槌竜の角,2,上竜骨,2,草食竜の甲殻,3,,
ドボルキャップ,0,0,3,1,99,6,12,78,-3,3,2,-1,2,攻撃,4,達人,-1,回復速度,3,,,,,尾槌竜の角,2,上竜骨,2,草食竜の甲殻,3,,
ラヴァヘルム,0,0,3,2,99,6,23,125,2,-3,0,0,1,ガード性能,1,回復速度,2,気配,-2,,,,,溶岩竜のヒレ,1,溶岩竜の鱗,3,縞模様の皮,2,,
ラヴァキャップ,0,0,3,2,99,6,12,78,3,-2,1,1,2,反動,2,回復速度,2,気配,-2,,,,,溶岩竜のヒレ,1,溶岩竜の鱗,3,縞模様の皮,2,,
ディアブロヘルム,0,0,3,2,99,6,23,125,2,0,0,-4,0,匠,2,抜刀会心,3,研ぎ師,-2,納刀,2,耐震,1,角竜の甲殻,4,上竜骨,2,垂皮竜の皮,2,,
ディアブロキャップ,0,0,3,2,99,6,12,78,3,1,1,-3,1,装填速度,3,納刀,2,装填数,2,貫通弾強化,1,精密射撃,-2,角竜の甲殻,4,上竜骨,2,垂皮竜の皮,2,,
暁丸【兜】,1,0,3,1,99,6,26,126,-2,2,0,2,-4,剣術,2,スタミナ,-1,重撃,2,加護,2,,,老山龍の角,1,老山龍の甲殻,4,砕竜の頭殻,1,,
曙丸【烏帽子】,1,0,3,2,99,6,13,78,-1,3,1,3,-3,スタミナ,-1,重撃,2,装填数,1,加護,2,,,老山龍の角,1,老山龍の甲殻,4,砕竜の頭殻,1,,
凛【鉢金】,2,0,3,1,99,6,26,126,-2,2,0,2,-4,剣術,2,スタミナ,-1,重撃,2,加護,2,,,老山龍の角,1,老山龍の甲殻,4,砕竜の頭殻,1,,
艶【鉢金】,2,0,3,2,99,6,13,78,-1,3,1,3,-3,スタミナ,-1,重撃,2,装填数,1,加護,2,,,老山龍の角,1,老山龍の甲殻,4,砕竜の頭殻,1,,
インゴットヘルム,0,0,3,1,3,5,18,120,-2,-2,2,0,0,ガード強化,2,納刀,3,雷属性攻撃,1,気まぐれ,-2,,,紅蓮石,2,ドラグライト鉱石,2,大地の結晶,5,ライトクリスタル,1
インゴットキャップ,0,0,3,1,3,5,8,74,-1,-1,3,1,1,反動,3,散弾強化,2,雷属性攻撃,1,気まぐれ,-2,,,紅蓮石,2,ドラグライト鉱石,2,大地の結晶,5,ライトクリスタル,1
ガーグァフェイク,0,0,3,0,1,2,5,73,-4,-2,-1,2,1,調合成功率,10,,,,,,,,,丸鳥の羽,3,鉄鉱石,10,,,,
ジャギィフェイク,0,0,3,0,1,2,6,73,0,0,0,0,0,肉食,10,,,,,,,,,狗竜の頭,1,狗竜の皮,3,王者のエリマキ,1,,
竜王の隻眼,0,0,3,2,3,6,11,77,2,2,2,2,2,狂撃耐性,6,,,,,,,,,勇気の証,5,黒蝕竜の暗翼,2,黒蝕竜の鱗,5,レビテライト鉱石,5
友情の羽飾り,0,0,3,2,3,6,11,77,0,0,0,0,0,指揮,7,,,,,,,,,オトモチケット,3,勇気の証,3,肉球のスタンプ,3,,
ブナハＳハット,0,0,4,1,4,7,33,116,-5,-1,2,-1,3,攻撃,-2,特殊攻撃,2,納刀,1,麻痺,2,,,飛甲虫の堅殻,2,飛甲虫の甲殻,3,甲虫の腹袋,2,ドスヘラクレス,2
ブナハＳキャップ,0,0,4,1,4,7,16,76,-4,0,3,0,4,攻撃,-2,特殊攻撃,3,納刀,2,麻痺,2,,,飛甲虫の堅殻,2,飛甲虫の甲殻,3,甲虫の腹袋,2,ドスヘラクレス,2
ズワロＳフード,0,0,4,2,4,7,36,117,-4,3,0,-2,2,防御,-1,体力,2,回復速度,7,,,,,垂皮竜の上皮,4,垂皮竜の皮,3,上質な毛皮,2,,
ズワロＳフッド,0,0,4,2,4,7,18,77,-3,4,1,-1,3,防御,-1,体力,2,回復速度,7,,,,,垂皮竜の上皮,4,垂皮竜の皮,3,上質な毛皮,2,,
リノプロＳヘルム,0,0,4,1,4,7,31,117,2,-1,-1,-1,1,砲術,2,KO,2,気絶,-3,耐泥耐雪,1,,,草食竜の堅殻,3,草食竜の頭殻,1,氷結晶,3,,
リノプロＳキャップ,0,0,4,1,4,7,15,76,3,0,0,0,2,砲術,2,KO,2,気絶,-3,耐泥耐雪,2,,,草食竜の堅殻,3,草食竜の頭殻,1,氷結晶,3,,
ガブラスＳヘッド,0,0,4,2,5,99,40,117,2,-3,3,2,-4,属性解放,1,属性耐性,-2,減気攻撃,4,,,,,翼蛇竜の上皮,1,翼蛇竜の頭,3,火竜の翼,1,ガマのコイン,1
ガブラスＳフェイス,0,0,4,2,5,99,20,77,3,-2,4,3,-3,属性解放,1,属性耐性,-2,減気攻撃,4,,,,,翼蛇竜の上皮,1,翼蛇竜の頭,3,火竜の翼,1,ガマのコイン,1
ジャギィＳヘルム,0,0,4,2,4,7,36,117,-4,0,0,0,2,攻撃,3,研ぎ師,1,効果持続,-2,気絶,1,,,狗竜の上皮,4,狗竜の爪,2,狗竜の皮,2,ドラグライト鉱石,2
ジャギィＳキャップ,0,0,4,1,4,7,18,77,-3,1,1,1,3,装填速度,2,攻撃,3,効果持続,-2,気絶,2,,,狗竜の上皮,4,狗竜の爪,2,狗竜の皮,2,ドラグライト鉱石,2
ゲネポスＳヘルム,0,0,4,1,4,7,36,117,1,1,-3,-5,3,特殊攻撃,2,麻痺,1,,,,,,,ゲネポスの上鱗,3,ゲネポスの上皮,4,カブレライト鉱石,2,ドスゲネポスの頭,1
ゲネポスＳキャップ,0,0,4,2,4,7,18,77,2,2,-2,-4,4,特殊攻撃,1,麻痺,1,,,,,,,ゲネポスの上鱗,3,ゲネポスの上皮,4,カブレライト鉱石,2,ドスゲネポスの頭,1
イーオスＳヘルム,0,0,4,2,5,8,44,119,0,-4,-4,3,3,属性解放,1,特殊攻撃,2,毒,1,気絶,-2,,,イーオスの上鱗,3,イーオスの上皮,2,強靭な鳥竜皮,3,猛毒袋,3
イーオスＳキャップ,0,0,4,2,5,8,22,78,1,-3,-3,4,4,属性解放,1,特殊攻撃,2,毒,2,気絶,-2,,,イーオスの上鱗,3,イーオスの上皮,2,強靭な鳥竜皮,3,猛毒袋,3
ウルクＳヘルム,0,0,4,2,5,8,45,120,-3,2,-1,2,2,回避距離,2,効果持続,1,耐暑,-2,耐寒,2,,,白兎獣の大耳,2,堅牢な骨,2,狗竜の皮,5,ユニオン鉱石,3
ウルクＳキャップ,0,0,4,2,5,8,22,78,-2,3,0,3,3,回避距離,3,効果持続,2,耐暑,-2,耐寒,2,,,白兎獣の大耳,2,堅牢な骨,2,狗竜の皮,5,ユニオン鉱石,3
ケチャＳヘルム,0,0,4,0,4,7,43,118,-5,3,-3,0,3,運気,-2,水属性攻撃,3,体術,2,気まぐれ,2,,,奇猿狐の剛毛,3,奇猿狐の堅長骨,3,堅牢な骨,1,上質な毛皮,2
ケチャＳキャップ,0,0,4,0,4,7,21,78,-4,4,-2,1,4,運気,-1,水属性攻撃,3,体術,2,気まぐれ,2,,,奇猿狐の剛毛,3,奇猿狐の堅長骨,3,堅牢な骨,1,上質な毛皮,2
コンガＳヘルム,0,0,4,2,4,7,38,117,-4,1,1,-1,3,細菌学,2,食いしん坊,4,腹減り,-1,,,,,桃毛獣の剛毛,2,極彩色の毛,1,桃毛獣の尖爪,2,ドスヘラクレス,2
コンガＳキャップ,0,0,4,2,4,7,19,77,-3,2,2,0,4,細菌学,2,食いしん坊,4,腹減り,-1,,,,,桃毛獣の剛毛,2,極彩色の毛,1,桃毛獣の尖爪,2,ドスヘラクレス,2
ランポスＳヘルム,0,0,4,1,4,7,38,117,0,0,0,-5,3,攻撃,2,千里眼,4,麻痺,-2,気絶,2,,,ランポスの上皮,3,ランポスの尖爪,2,ドスランポスの頭,1,ドラグライト鉱石,2
ランポスＳキャップ,0,0,4,1,4,7,19,77,1,1,1,-4,4,攻撃,1,千里眼,4,麻痺,-2,気絶,2,,,ランポスの上皮,3,ランポスの尖爪,2,ドスランポスの頭,1,ドラグライト鉱石,2
クックＳヘルム,0,0,4,1,4,99,43,118,3,0,-2,-4,2,攻撃,2,火耐性,2,水耐性,-2,肉食,3,,,怪鳥の地獄耳,1,怪鳥の堅殻,2,怪鳥の翼膜,1,コンガの剛毛,4
クックＳキャップ,0,0,4,1,4,99,21,78,4,1,-1,-3,3,攻撃,2,火耐性,2,水耐性,-2,肉食,3,,,怪鳥の地獄耳,1,怪鳥の堅殻,2,怪鳥の翼膜,1,コンガの剛毛,4
ランゴヘルム,0,0,4,1,4,99,36,117,-5,-5,2,-4,2,特殊攻撃,2,毒,-2,麻痺,2,,,,,ランゴスタの薄羽,3,のりこねバッタ,10,甲虫の大顎,2,,
ランゴキャップ,0,0,4,1,4,99,18,77,-4,-4,3,-3,3,特殊攻撃,2,毒,-2,麻痺,2,,,,,ランゴスタの薄羽,3,のりこねバッタ,10,甲虫の大顎,2,,
ガレオスヘルム,0,0,4,1,4,7,40,117,-3,2,-4,2,0,千里眼,5,耐暑,3,腹減り,1,気絶,-1,,,砂竜の上鱗,3,砂竜の上ヒレ,1,マカライト鉱石,5,鉄鉱石,10
ガレオスキャップ,0,0,4,2,4,7,20,77,-2,3,-3,3,1,千里眼,4,耐暑,3,腹減り,1,気絶,-1,,,砂竜の上鱗,3,砂竜の上ヒレ,1,マカライト鉱石,5,鉄鉱石,10
ラングロヘルム,0,0,4,1,5,99,47,120,1,-3,0,-1,1,細菌学,1,回避性能,2,耐寒,-2,耐震,2,,,赤甲獣の堅殻,2,爆炎袋,3,モンスターの濃汁,3,,
ラングロキャップ,0,0,4,1,5,99,24,79,2,-2,1,0,2,細菌学,1,回避性能,2,耐寒,-2,耐震,3,,,赤甲獣の堅殻,2,爆炎袋,3,モンスターの濃汁,3,,
ザザミヘルム,0,0,4,1,4,7,40,117,-3,3,-4,0,1,防御,3,ガード性能,3,雷耐性,-2,,,,,盾蟹の堅殻,2,盾蟹の尖爪,2,カブレライト鉱石,3,大水袋,1
ザザミキャップ,0,0,4,1,4,7,20,77,-2,4,-3,1,2,防御,3,精密射撃,3,雷耐性,-2,,,,,盾蟹の堅殻,2,盾蟹の尖爪,2,カブレライト鉱石,3,大水袋,1
ペッコヘルム,0,0,4,1,4,7,36,117,2,-1,0,-3,0,氷耐性,-3,広域,3,笛,2,,,,,徹甲虫の尖角,2,へんなクチバシ,2,大きな骨,2,,
ペッコキャップ,0,0,4,2,4,7,18,77,3,0,1,-2,1,氷耐性,-3,広域,2,笛,2,,,,,徹甲虫の尖角,2,へんなクチバシ,2,大きな骨,2,,
ガノスヘルム,0,0,4,1,99,4,20,122,-4,3,-5,2,2,捕獲,2,スタミナ,2,耐暑,3,高速設置,3,,,水竜の鱗,1,水竜のヒレ,2,ドラグライト鉱石,2,,
ガノスキャップ,0,0,4,1,99,4,10,76,-3,4,-4,3,3,捕獲,3,スタミナ,3,耐暑,3,高速設置,3,,,水竜の鱗,1,水竜のヒレ,2,ドラグライト鉱石,2,,
レザーＳヘルム,0,0,4,0,4,7,22,114,-2,0,0,0,2,採取,3,運気,-2,体力,2,高速収集,3,,,上質な毛皮,1,暖かい毛皮,3,カブレライト鉱石,1,,
レザーＳキャップ,0,0,4,0,4,7,11,75,-1,1,1,1,3,採取,2,運気,-2,体力,3,高速収集,3,,,上質な毛皮,1,暖かい毛皮,3,カブレライト鉱石,1,,
ブレイブＳヘルム,0,0,4,2,4,7,18,114,3,0,0,0,2,体力,-2,回復速度,3,乗り,2,,,,,天空の結晶,3,上質な毛皮,1,ランポスの上鱗,2,カブレライト鉱石,2
ブレイブＳキャップ,0,0,4,2,4,7,9,75,4,1,1,1,3,体力,-2,回復速度,3,乗り,3,,,,,天空の結晶,3,上質な毛皮,1,ランポスの上鱗,2,カブレライト鉱石,2
チェーンＳヘルム,0,0,4,1,4,7,23,115,2,2,-3,1,0,体力,1,調合成功率,4,腹減り,1,睡眠,-2,,,カブレライト鉱石,1,マカライト鉱石,2,鉄鉱石,5,,
チェーンＳキャップ,0,0,4,1,4,7,11,75,3,3,-2,2,1,体力,1,調合成功率,4,腹減り,1,睡眠,-2,,,カブレライト鉱石,1,マカライト鉱石,2,鉄鉱石,5,,
ハンターＳヘルム,0,0,4,1,4,7,26,116,0,2,-4,0,0,千里眼,2,調合成功率,4,狩人,2,毒,-2,,,カブレライト鉱石,2,ドスヘラクレス,2,マカライト鉱石,5,鉄鉱石,5
ハンターＳキャップ,0,0,4,2,4,7,13,75,1,3,-3,1,1,千里眼,2,調合成功率,2,狩人,2,毒,-2,,,カブレライト鉱石,2,ドスヘラクレス,2,マカライト鉱石,5,鉄鉱石,5
ボーンＳヘルム,0,0,4,0,4,7,27,117,2,0,-1,-3,0,KO,1,観察眼,2,笛,1,睡眠,-2,,,上質な鳥竜骨,2,竜骨【小】,3,なぞの頭骨,3,,
ボーンＳキャップ,0,0,4,0,4,7,13,75,3,1,0,-2,1,KO,1,観察眼,2,笛,1,睡眠,-2,,,上質な鳥竜骨,2,竜骨【小】,3,なぞの頭骨,3,,
アロイＳヘルム,0,0,4,0,4,7,28,116,-1,2,-3,-2,0,防御,2,採取,-2,達人,3,風圧,2,,,カブレライト鉱石,1,レビテライト鉱石,1,ドラグライト鉱石,5,氷結晶,3
アロイＳキャップ,0,0,4,0,4,7,14,75,0,3,-2,-1,1,装填速度,2,採取,-1,散弾強化,2,散弾追加,2,,,カブレライト鉱石,1,レビテライト鉱石,1,ドラグライト鉱石,5,氷結晶,3
マギュルフロール,0,0,4,0,4,7,19,121,-4,1,0,2,0,属性解放,2,溜め短縮,1,調合成功率,5,調合数,2,回復速度,2,ペピポパンプキン,5,キラビートル,3,ノヴァクリスタル,5,怪力の種,3
マギュルブルーメ,0,0,4,0,4,7,9,75,-3,2,1,3,1,属性解放,2,溜め短縮,1,調合成功率,5,調合数,2,回復速度,2,ペピポパンプキン,5,キラビートル,3,ノヴァクリスタル,5,怪力の種,3
ロワーガテスタ,1,0,4,1,3,5,18,120,-4,0,3,-1,1,剣術,1,聴覚保護,3,龍属性攻撃,1,加護,-3,ハチミツ,2,オオクワアゲハ,1,レビテライト鉱石,2,雷光虫,5,不死虫,10
ロワーガカプト,1,0,4,1,3,5,9,75,-3,1,4,0,2,速射,1,聴覚保護,3,龍属性攻撃,1,加護,-3,ハチミツ,2,オオクワアゲハ,1,レビテライト鉱石,2,雷光虫,5,不死虫,10
ファルメルテスタ,2,0,4,1,3,5,18,120,-4,0,3,-1,1,剣術,1,聴覚保護,3,龍属性攻撃,1,加護,-3,ハチミツ,2,オオクワアゲハ,1,レビテライト鉱石,2,雷光虫,5,不死虫,10
ファルメルカプト,2,0,4,1,3,5,9,75,-3,1,4,0,2,速射,1,聴覚保護,3,龍属性攻撃,1,加護,-3,ハチミツ,2,オオクワアゲハ,1,レビテライト鉱石,2,雷光虫,5,不死虫,10
キングロブスタヘルム,0,0,4,1,99,4,16,118,-2,5,-5,2,-2,回避性能,3,回避距離,1,火耐性,-3,,,,,エビの尾扇,1,エビの小殻,2,化け鮫のヒレ,2,のりこねバッタ,3
Ｋ・ロブスタキャップ,0,0,4,2,99,4,8,74,-1,6,-4,3,-1,回避性能,3,回避距離,1,火耐性,-3,,,,,エビの尾扇,1,エビの小殻,2,化け鮫のヒレ,2,のりこねバッタ,3
ガーディアンヘルム,1,0,4,2,2,99,18,120,0,0,0,0,0,採取,-2,運気,2,砲術,1,加護,4,,,ドラグライト鉱石,2,闘技王のコイン,3,鳥竜のコイン,3,,
ガーディアンマスク,1,0,4,2,2,99,9,75,1,1,1,1,1,採取,-2,運気,2,広域,3,加護,2,,,ドラグライト鉱石,2,闘技王のコイン,3,鳥竜のコイン,3,,
ヘルパーフード,2,0,4,2,2,99,18,120,0,0,0,0,0,採取,-2,運気,2,砲術,1,加護,4,,,ドラグライト鉱石,2,闘技王のコイン,3,鳥竜のコイン,3,,
ヘルパーキャップ,2,0,4,2,2,99,9,75,1,1,1,1,1,採取,-2,運気,2,広域,3,加護,2,,,ドラグライト鉱石,2,闘技王のコイン,3,鳥竜のコイン,3,,
ギルドバードロポス,1,0,4,1,3,99,20,122,0,0,0,0,0,運気,1,広域,3,気配,-3,,,,,レビテライト鉱石,1,蟲のコイン,2,鳥竜のコイン,3,闘技王のコイン,3
ギルドバードハット,1,0,4,1,3,99,10,76,1,1,1,1,1,運気,1,広域,3,気配,-3,,,,,レビテライト鉱石,1,蟲のコイン,2,鳥竜のコイン,3,闘技王のコイン,3
スカラーフード,2,0,4,1,3,99,20,122,0,0,0,0,0,運気,1,広域,3,気配,-3,,,,,レビテライト鉱石,1,蟲のコイン,2,鳥竜のコイン,3,闘技王のコイン,3
スカラーベレー,2,0,4,1,3,99,10,76,1,1,1,1,1,運気,1,広域,3,気配,-3,,,,,レビテライト鉱石,1,蟲のコイン,2,鳥竜のコイン,3,闘技王のコイン,3
コンガＵヘルム,0,0,5,1,4,7,40,117,1,0,0,-4,3,底力,2,爆弾強化,2,腹減り,-1,,,,,緑毛獣の剛毛,2,極彩色の毛,1,緑毛獣の尖爪,2,キラビートル,2
コンガＵキャップ,0,0,5,1,4,7,20,77,2,1,1,-3,4,底力,2,爆弾強化,2,腹減り,-1,,,,,緑毛獣の剛毛,2,極彩色の毛,1,緑毛獣の尖爪,2,キラビートル,2
ゲリョスＳヘルム,0,0,5,1,4,7,47,120,-5,2,3,-2,0,達人,3,スタミナ,2,腹減り,-2,毒,3,,,ゴム質の上皮,4,毒怪鳥の頭,1,大地の結晶,4,ドスゲネポスの尾,2
ゲリョスＳキャップ,0,0,5,2,4,7,23,78,-4,3,4,-1,1,達人,2,スタミナ,2,腹減り,-2,毒,2,,,ゴム質の上皮,4,毒怪鳥の頭,1,大地の結晶,4,ドスゲネポスの尾,2
カブラＳヘルム,0,0,5,1,4,7,48,121,3,-5,-4,0,2,防御,2,採取,-2,体力,2,研ぎ師,4,,,鬼蛙の巨大牙,2,鬼蛙の堅殻,3,厳めしい頭骨,2,ドスヘラクレス,5
カブラＳキャップ,0,0,5,2,4,7,24,78,4,-4,-3,1,3,装填速度,3,防御,2,採取,-2,体力,2,,,鬼蛙の巨大牙,2,鬼蛙の堅殻,3,厳めしい頭骨,2,ドスヘラクレス,5
スキュラＳヘルム,0,0,5,1,4,7,48,121,-3,3,-3,2,3,達人,2,観察眼,3,腹減り,-3,高速設置,2,毒,2,影蜘蛛の堅鋏角,4,影蜘蛛の堅殻,2,影蜘蛛の上棘,2,飛甲虫の堅殻,4
スキュラＳキャップ,0,0,5,1,4,7,24,78,-2,4,-2,3,4,達人,2,観察眼,4,腹減り,-3,高速設置,1,毒,2,影蜘蛛の堅鋏角,4,影蜘蛛の堅殻,2,影蜘蛛の上棘,2,飛甲虫の堅殻,4
ザボアＳヘルム,0,0,5,1,5,8,53,124,-4,3,-5,3,0,重撃,1,氷属性攻撃,2,食事,4,腹減り,-3,,,化け鮫の上鱗,2,化け鮫の上皮,4,化け鮫の鋸歯,2,肉厚な上皮,3
ザボアＳキャップ,0,0,5,2,5,8,27,79,-3,4,-4,4,1,重撃,1,氷属性攻撃,2,食事,3,腹減り,-3,,,化け鮫の上鱗,2,化け鮫の上皮,4,化け鮫の鋸歯,2,肉厚な上皮,3
ガララＳヘルム,0,0,5,2,5,8,55,124,3,-3,0,-5,3,捕獲,2,聴覚保護,3,気まぐれ,-3,麻痺,2,,,絞蛇竜の堅殻,5,寒気立つクチバシ,3,竜玉,1,ゲネポスの上鱗,4
ガララＳキャップ,0,0,5,2,5,8,28,80,4,-2,1,-4,4,捕獲,2,聴覚保護,4,気まぐれ,-3,麻痺,1,,,絞蛇竜の堅殻,5,寒気立つクチバシ,3,竜玉,1,ゲネポスの上鱗,4
フルフルＳヘルム,0,0,5,1,5,8,50,121,-5,1,1,2,1,雷属性攻撃,2,広域,2,回復速度,2,気絶,-1,,,真珠色の柔皮,2,堅竜骨,1,ドラグライト鉱石,8,モンスターの濃汁,3
フルフルＳキャップ,0,0,5,2,5,8,25,79,-4,2,2,3,2,雷属性攻撃,2,広域,2,回復速度,2,気絶,-1,,,真珠色の柔皮,2,堅竜骨,1,ドラグライト鉱石,8,モンスターの濃汁,3
レイアＳヘルム,0,0,5,3,5,8,50,121,3,0,-2,0,-4,体力,1,火属性攻撃,1,回復量,2,回復速度,-1,,,雌火竜の上棘,2,雌火竜の堅殻,4,火竜の骨髄,2,爆炎袋,3
レイアＳキャップ,0,0,5,3,5,8,25,79,4,1,-1,1,-3,体力,1,火属性攻撃,1,回復量,2,回復速度,-1,,,雌火竜の上棘,2,雌火竜の堅殻,4,火竜の骨髄,2,爆炎袋,3
レウスＳヘルム,0,0,5,3,5,8,57,126,3,0,-2,0,-4,攻撃,3,火属性攻撃,2,回復量,-2,,,,,火竜の上鱗,4,火竜の紅玉,1,爆炎袋,3,尖竜骨,3
レウスＳキャップ,0,0,5,3,5,8,28,80,4,1,-1,1,-3,攻撃,4,火属性攻撃,1,回復量,-2,,,,,火竜の上鱗,4,火竜の紅玉,1,爆炎袋,3,尖竜骨,3
レックスＳヘルム,0,0,5,1,5,8,55,124,2,-1,-4,0,-2,攻撃,3,研ぎ師,-2,千里眼,3,食いしん坊,2,,,轟竜のアギト,1,轟竜の鋭牙,2,轟竜の鱗,5,肉厚な上皮,4
レックスＳキャップ,0,0,5,1,5,8,28,80,3,0,-3,1,-1,反動,-2,攻撃,3,千里眼,3,食いしん坊,2,,,轟竜のアギト,1,轟竜の鋭牙,2,轟竜の鱗,5,肉厚な上皮,4
ジンオウＳヘルム,0,0,5,2,5,8,52,123,0,-2,3,-4,1,本気,2,斬れ味,3,根性,1,雷属性攻撃,2,気配,-2,雷狼竜の尖角,2,雷狼竜の高電毛,4,雷狼竜の甲殻,3,竜玉,1
ジンオウＳキャップ,0,0,5,2,5,8,26,79,1,-1,4,-3,2,装填速度,2,本気,3,根性,1,雷属性攻撃,2,気配,-2,雷狼竜の尖角,2,雷狼竜の高電毛,4,雷狼竜の甲殻,3,竜玉,1
セルタスＳヘルム,0,0,5,2,5,8,53,124,-4,3,-1,-3,3,砲術,3,斬れ味,3,気力回復,-3,,,,,重甲虫の堅殻,6,重甲虫の大顎,3,重甲虫の円月尾,2,徹甲虫の尖角,1
セルタスＳキャップ,0,0,5,3,5,8,27,79,-3,4,0,-2,4,砲術,3,装填数,2,気力回復,-3,,,,,重甲虫の堅殻,6,重甲虫の大顎,3,重甲虫の円月尾,2,徹甲虫の尖角,1
グラビドＳヘルム,0,0,5,1,5,8,57,126,3,-4,0,2,-3,匠,1,防御,4,ガード性能,3,スタミナ,-2,,,鎧竜の堅殻,5,鎧竜の頭殻,2,竜玉,1,堅竜骨,3
グラビドＳキャップ,0,0,5,1,5,8,29,80,4,-3,1,3,-2,反動,3,防御,4,スタミナ,-2,装填数,1,,,鎧竜の堅殻,5,鎧竜の頭殻,2,竜玉,1,堅竜骨,3
クックＵヘルム,0,0,5,2,4,7,47,120,3,-4,-3,0,2,達人,2,火属性攻撃,3,水耐性,-2,,,,,青怪鳥の堅殻,2,怪鳥の地獄耳,1,怪鳥の翼膜,1,コンガの剛毛,4
クックＵキャップ,0,0,5,2,4,7,23,78,4,-3,-2,1,3,達人,3,火属性攻撃,4,水耐性,-2,,,,,青怪鳥の堅殻,2,怪鳥の地獄耳,1,怪鳥の翼膜,1,コンガの剛毛,4
バサルＳヘルム,0,0,5,1,5,99,50,121,-1,-2,1,1,-3,納刀,2,食事,3,腹減り,-2,耐泥耐雪,2,,,岩竜の涙,1,岩竜の堅殻,3,怪鳥の上鱗,2,岩竜の翼,3
バサルＳキャップ,0,0,5,1,5,99,25,79,0,-1,2,2,-2,納刀,3,食事,4,腹減り,-2,耐泥耐雪,3,,,岩竜の涙,1,岩竜の堅殻,3,怪鳥の上鱗,2,岩竜の翼,3
ガルルガＳヘルム,0,0,5,1,6,9,60,127,3,-4,3,-4,1,達人,3,聴覚保護,2,斬れ味,1,,,,,黒狼鳥の地獄耳,2,イカしたクチバシ,2,黒狼鳥の堅殻,3,黒狼鳥のたてがみ,4
ガルルガＳキャップ,0,0,5,1,6,9,30,80,4,-3,4,-3,2,達人,3,聴覚保護,2,貫通弾強化,1,,,,,黒狼鳥の地獄耳,2,イカしたクチバシ,2,黒狼鳥の堅殻,3,黒狼鳥のたてがみ,4
モノブロＳヘルム,0,0,5,1,99,8,57,126,0,2,-3,-4,2,攻撃,6,底力,2,加護,-1,,,,,一角竜の堅甲,2,上質な真紅の角,2,一角竜の堅殻,4,獄炎石,1
モノブロＳキャップ,0,0,5,2,99,8,29,80,1,3,-2,-3,3,攻撃,3,底力,2,加護,-2,,,,,一角竜の堅甲,2,上質な真紅の角,2,一角竜の堅殻,4,獄炎石,1
ブランゴヘルム,0,0,5,1,5,99,55,124,-4,2,0,2,1,攻撃,2,耐暑,-2,耐寒,2,耐震,2,,,雪獅子の鋭牙,2,雪獅子の剛毛,3,獣骨,4,ドスランポスの皮,3
ブランゴキャップ,0,0,5,1,5,99,28,80,-3,3,1,3,2,攻撃,2,耐暑,-2,耐寒,2,耐震,2,,,雪獅子の鋭牙,2,雪獅子の剛毛,3,獣骨,4,ドスランポスの皮,3
ガブルヘルム,0,0,5,2,5,99,52,123,-2,3,-4,0,1,達人,3,食事,3,回復速度,-2,,,,,灯魚竜の上棘,2,灯魚竜の上皮,4,化け鮫の鋸歯,2,上竜骨,3
ガブルキャップ,0,0,5,2,5,99,26,79,-1,4,-3,1,2,達人,3,食事,4,回復速度,-2,,,,,灯魚竜の上棘,2,灯魚竜の上皮,4,化け鮫の鋸歯,2,上竜骨,3
ベリオヘルム,0,0,5,1,5,99,57,126,-5,0,-1,3,0,回避性能,1,氷属性攻撃,2,体術,3,気力回復,-2,,,琥珀色の鋭牙,2,アルビノの霜降り,1,真珠色の柔皮,5,,
ベリオキャップ,0,0,5,1,5,99,29,80,-4,1,0,4,1,回避性能,2,氷属性攻撃,2,体術,4,気力回復,-2,,,琥珀色の鋭牙,2,アルビノの霜降り,1,真珠色の柔皮,5,,
スカルヘッド,0,1,5,0,5,8,58,125,3,-1,-1,-1,2,胴系統倍加,1,,,,,,,,,獄炎石,3,いにしえの龍骨,5,なぞの頭骨,5,なぞの骨,10
スカルフェイス,0,2,5,0,5,8,29,80,4,0,0,0,3,胴系統倍加,1,,,,,,,,,獄炎石,3,いにしえの龍骨,5,なぞの頭骨,5,なぞの骨,10
ハイメタＳヘルム,0,0,5,1,99,7,18,114,-2,-2,3,-1,0,防御,3,研ぎ師,2,毒,-2,,,,,※店売り,1,,,,,,
ハイメタＳキャップ,0,0,5,1,99,7,9,75,-1,-1,4,0,1,防御,3,通常弾強化,2,毒,-2,,,,,※店売り,1,,,,,,
イーオスヘッド,0,0,5,2,5,8,41,116,2,1,1,1,1,運気,3,毒,3,気絶,-2,,,,,イーオスの上鱗,1,ドスイーオスの頭,1,強靭な鳥竜皮,2,鳥竜玉,1
イーオスフェイス,0,0,5,2,5,8,21,78,3,2,2,2,2,採取,-3,運気,3,火耐性,2,,,,,イーオスの上鱗,1,ドスイーオスの頭,1,強靭な鳥竜皮,2,鳥竜玉,1
オウビートテスタ,1,0,5,1,5,99,43,118,3,-5,3,-4,2,採取,2,回避性能,2,特殊攻撃,2,耐寒,-2,,,オオツノアゲハ,1,マレコガネ,2,雷光虫,3,爆炎袋,2
オウビートカプト,1,0,5,1,5,99,21,78,4,-4,5,-3,2,採取,2,回避性能,2,特殊攻撃,2,耐寒,-2,,,オオツノアゲハ,1,マレコガネ,2,雷光虫,3,爆炎袋,2
パピメルテスタ,2,0,5,1,5,99,43,118,3,-5,3,-4,2,採取,2,回避性能,2,特殊攻撃,2,耐寒,-2,,,オオツノアゲハ,1,マレコガネ,2,雷光虫,3,爆炎袋,2
パピメルカプト,2,0,5,1,5,99,21,78,4,-4,5,-3,2,採取,2,回避性能,2,特殊攻撃,2,耐寒,-2,,,オオツノアゲハ,1,マレコガネ,2,雷光虫,3,爆炎袋,2
アーティアＳヘルム,0,0,5,1,5,9,51,122,0,-3,-3,2,3,匠,2,研ぎ師,-3,気力回復,3,,,,,太古の破片,6,フルクライト鉱石,2,さびた破片,4,ノヴァクリスタル,3
アーティアＳキャップ,0,0,5,1,5,9,26,79,1,-2,-2,3,4,装填速度,-3,装填数,2,精密射撃,3,,,,,太古の破片,6,フルクライト鉱石,2,さびた破片,4,ノヴァクリスタル,3
三眼のピアス,0,0,5,3,4,7,18,77,0,0,0,0,1,,,,,,,,,,,カブレライト鉱石,3,ノヴァクリスタル,2,,,,
ゴアＳヘルム,0,0,6,0,5,99,52,123,-5,3,-3,2,-2,細菌学,3,匠,3,闘魂,4,火耐性,-4,,,黒蝕竜の尖触角,2,黒蝕竜の上鱗,4,黒蝕竜の堅殻,2,マレコガネ,3
ゴアＳキャップ,0,0,6,0,5,99,26,79,-4,4,-2,3,-1,細菌学,3,闘魂,5,装填数,3,火耐性,-3,,,黒蝕竜の尖触角,2,黒蝕竜の上鱗,4,黒蝕竜の堅殻,2,マレコガネ,3
レギオスＳヘルム,0,0,6,1,99,9,58,125,3,0,-3,-2,0,剣術,3,研ぎ師,-1,体術,2,裂傷,2,,,千刃竜の伐刀角,2,千刃竜の飛刃,4,千刃竜の鋭刃鱗,3,飛甲虫の堅殻,3
レギオスＳキャップ,0,0,6,1,99,9,29,80,4,1,-2,-1,1,装填速度,-1,反動,3,体術,2,裂傷,2,,,千刃竜の伐刀角,2,千刃竜の飛刃,4,千刃竜の鋭刃鱗,3,飛甲虫の堅殻,3
ゲリョスＵヘルム,0,0,6,2,4,7,48,121,-5,2,3,-2,0,達人,-1,風圧,2,気絶,3,,,,,ゴム質の紫皮,2,毒怪鳥の紫翼,2,大地の結晶,4,毒怪鳥の頭,1
ゲリョスＵキャップ,0,0,6,2,4,7,24,78,-4,3,4,-1,1,達人,-1,風圧,3,気絶,3,,,,,ゴム質の紫皮,2,毒怪鳥の紫翼,2,大地の結晶,4,毒怪鳥の頭,1
フルフルＵヘルム,0,0,6,1,5,8,51,122,1,-5,1,2,1,回復量,3,広域,2,回復速度,-2,,,,,魅惑色の柔皮,2,魅惑色の翼膜,2,モンスターの濃汁,5,カブレライト鉱石,4
フルフルＵキャップ,0,0,6,2,5,8,26,79,2,-4,2,3,2,回復量,3,広域,2,回復速度,-2,,,,,魅惑色の柔皮,2,魅惑色の翼膜,2,モンスターの濃汁,5,カブレライト鉱石,4
リオハートヘルム,0,0,6,1,5,8,51,122,3,0,-2,0,-4,底力,3,火属性攻撃,2,風圧,2,気配,-1,,,桜火竜の堅殻,2,桜火竜の上鱗,3,尖竜骨,2,雌火竜の上棘,2
リオハートキャップ,0,0,6,1,5,8,26,79,4,1,-1,1,-3,底力,2,火属性攻撃,3,風圧,2,気配,-1,,,桜火竜の堅殻,2,桜火竜の上鱗,3,尖竜骨,2,雌火竜の上棘,2
リオソウルヘルム,0,0,6,3,6,9,58,125,3,0,0,-2,-4,達人,1,体力,-3,聴覚保護,1,斬れ味,2,,,蒼火竜の堅殻,2,蒼火竜の翼,1,火竜の紅玉,1,マレコガネ,3
リオソウルキャップ,0,0,6,3,6,9,29,80,4,1,1,-1,-3,達人,1,体力,-3,聴覚保護,2,通常弾強化,2,,,蒼火竜の堅殻,2,蒼火竜の翼,1,火竜の紅玉,1,マレコガネ,3
レックスＵヘルム,0,0,6,0,6,9,59,126,2,-4,-2,0,-1,聴覚保護,3,研ぎ師,-2,観察眼,3,食事,4,,,黒轟竜の鋭牙,3,轟竜のアギト,1,轟竜の頭殻,2,鎧竜の堅殻,1
レックスＵキャップ,0,0,6,0,6,9,29,80,3,-3,-1,1,0,反動,-2,聴覚保護,3,観察眼,3,食事,4,,,黒轟竜の鋭牙,3,轟竜のアギト,1,轟竜の頭殻,2,鎧竜の堅殻,1
ジンオウＵヘルム,0,0,6,2,6,9,53,124,0,-4,-5,0,4,回避性能,2,溜め短縮,2,無傷,1,龍属性攻撃,1,回復量,-2,獄狼竜の尖角,3,獄狼竜の龍毛,4,獄狼竜の堅殻,3,フルクライト鉱石,3
ジンオウＵキャップ,0,0,6,2,6,9,27,79,1,-3,-4,1,5,回避性能,2,無傷,1,装填数,2,龍属性攻撃,1,回復量,-2,獄狼竜の尖角,3,獄狼竜の龍毛,4,獄狼竜の堅殻,3,フルクライト鉱石,3
グラビドＵヘルム,0,0,6,2,6,9,58,125,3,-5,1,1,1,防御,1,ガード強化,3,スタミナ,-3,,,,,黒鎧竜の堅殻,5,黒鎧竜の頭殻,1,竜玉,1,マレコガネ,3
グラビドＵキャップ,0,0,6,2,6,9,29,80,4,-4,2,2,2,防御,1,ガード強化,3,スタミナ,-3,,,,,黒鎧竜の堅殻,5,黒鎧竜の頭殻,1,竜玉,1,マレコガネ,3
ブラキＳヘルム,0,0,6,2,6,9,57,126,3,-4,0,-2,0,抜刀会心,1,闘魂,2,回避性能,-2,底力,2,爆弾強化,2,砕竜の堅黒曜甲,3,砕竜の尖頭殻,2,なぞの粘菌,3,獄炎石,4
ブラキＳキャップ,0,0,6,2,6,9,28,80,4,-3,1,-1,1,速射,1,闘魂,2,回避性能,-2,底力,3,爆弾強化,2,砕竜の堅黒曜甲,3,砕竜の尖頭殻,2,なぞの粘菌,3,獄炎石,4
バンギスヘルム,0,0,6,0,7,9,62,127,0,0,-4,1,-4,攻撃,3,斬れ味,2,食事,5,腹減り,-2,,,恐暴竜の頭殻,2,恐暴竜の黒皮,4,恐暴竜の唾液,3,カワズの殿油,1
バンギスキャップ,0,0,6,0,7,9,31,80,1,1,-3,2,-3,反動,1,攻撃,4,食事,3,腹減り,-2,,,恐暴竜の頭殻,2,恐暴竜の黒皮,4,恐暴竜の唾液,3,カワズの殿油,1
バサルＵヘルム,0,0,6,1,5,99,53,124,0,-2,0,-3,1,ガード性能,3,耐暑,2,毒,2,麻痺,-2,,,桃岩竜の堅殻,3,岩竜の涙,1,小金魚,5,ユニオン鉱石,3
バサルＵキャップ,0,0,6,1,5,99,27,79,1,-1,1,-2,2,通常弾強化,2,耐暑,2,毒,2,麻痺,-2,,,桃岩竜の堅殻,3,岩竜の涙,1,小金魚,5,ユニオン鉱石,3
キリンＳホーン,0,0,6,1,8,99,60,127,-3,-3,5,-1,3,属性解放,2,属性耐性,2,運気,-2,属性攻撃,2,,,キリンの上皮,6,キリンの蒼角,3,キリンの雷尾,5,イカしたクチバシ,3
キリンＳコルノ,0,0,6,1,8,99,30,80,-2,-2,6,0,4,属性解放,2,属性耐性,2,運気,-2,属性攻撃,2,,,キリンの上皮,6,キリンの蒼角,3,キリンの雷尾,5,イカしたクチバシ,3
ラギアヘルム,0,0,6,2,6,99,60,127,-5,1,3,-1,-1,属性解放,3,痛撃,1,特殊攻撃,-2,溜め短縮,1,,,海竜の高電殻,2,蒼火竜の上鱗,3,蒼火竜の尻尾,2,,
ラギアキャップ,0,0,6,2,6,99,30,80,-4,2,4,0,0,属性解放,2,痛撃,2,特殊攻撃,-2,溜め短縮,2,,,海竜の高電殻,2,蒼火竜の上鱗,3,蒼火竜の尻尾,2,,
アグナヘルム,0,0,6,0,6,99,59,126,3,-5,0,-1,0,斬れ味,4,ガード性能,2,底力,-2,火属性攻撃,3,燃鱗,2,炎戈竜の堅殻,4,炎戈竜の上ヒレ,1,イーオスの上皮,4,,
アグナキャップ,0,0,6,0,6,99,30,80,4,-4,1,0,1,底力,-2,通常弾強化,3,精密射撃,2,火属性攻撃,4,燃鱗,2,炎戈竜の堅殻,4,炎戈竜の上ヒレ,1,イーオスの上皮,4,,
ドーベルヘルム,0,0,6,0,4,7,47,120,-2,0,0,0,3,龍属性攻撃,3,気力回復,4,腹減り,-2,耐震,2,,,いにしえの龍骨,3,奇猿狐の大耳,2,上質な鳥竜骨,10,上竜骨,8
ドーベルキャップ,0,0,6,0,4,7,24,78,-1,1,1,1,4,装填速度,2,龍属性攻撃,2,気力回復,4,腹減り,-2,,,いにしえの龍骨,3,奇猿狐の大耳,2,上質な鳥竜骨,10,上竜骨,8
ホークハット,1,0,6,2,5,99,45,120,2,-1,1,0,2,狩人,1,指揮,3,腹減り,-3,,,,,旅団チケット,2,天廻龍の逆鱗,1,太古の破片,2,天空の結晶,3
ホークキャップ,1,0,6,3,5,99,23,78,3,0,2,1,3,狩人,1,指揮,2,腹減り,-3,,,,,旅団チケット,2,天廻龍の逆鱗,1,太古の破片,2,天空の結晶,3
エコールフード,2,0,6,2,5,99,45,120,2,-1,1,0,2,狩人,1,指揮,3,腹減り,-3,,,,,旅団チケット,2,天廻龍の逆鱗,1,太古の破片,2,天空の結晶,3
エコールキャップ,2,0,6,3,5,99,23,78,3,0,2,1,3,狩人,1,指揮,2,腹減り,-3,,,,,旅団チケット,2,天廻龍の逆鱗,1,太古の破片,2,天空の結晶,3
ギルドナイトフェザー,1,0,6,1,8,99,52,123,0,0,0,0,0,剥ぎ取り,4,広域,3,気配,-3,,,,,希望の証,1,怪鳥の上鱗,4,黒狼鳥の地獄耳,2,,
ギルドナイトマスク,1,0,6,1,8,99,26,79,1,1,1,1,1,剥ぎ取り,5,広域,3,気配,-3,,,,,希望の証,1,怪鳥の上鱗,4,黒狼鳥の地獄耳,2,,
メイドカチューシャ,2,0,6,1,8,99,52,123,0,0,0,0,0,剥ぎ取り,4,広域,3,気配,-3,,,,,希望の証,1,怪鳥の上鱗,4,黒狼鳥の地獄耳,2,,
メイドキャップ,2,0,6,1,8,99,26,79,1,1,1,1,1,剥ぎ取り,5,広域,3,気配,-3,,,,,希望の証,1,怪鳥の上鱗,4,黒狼鳥の地獄耳,2,,
ユクモノカサ・天,0,0,6,2,8,99,60,127,-1,0,2,0,0,匠,2,研ぎ師,3,回復量,1,加護,1,,,蛇王龍の鋼皮,3,凶星の破片,1,蛇王龍の睨眼,1,丸鳥の羽,1
ユクモノカサ・地,0,0,6,2,8,99,30,80,0,1,3,1,1,装填速度,3,装填数,2,回復量,1,加護,1,,,蛇王龍の鋼皮,3,凶星の破片,1,蛇王龍の睨眼,1,丸鳥の羽,1
城塞遊撃隊【刃笠】,0,0,6,2,6,99,53,124,0,0,0,0,0,剣術,1,剥ぎ取り,2,根性,4,回復量,1,気配,-2,牙竜のコイン,3,狩猟王のコイン,3,爆炎袋,4,,
城塞弓撃隊【面隠】,0,0,6,2,6,99,27,79,1,1,1,1,1,痛撃,1,剥ぎ取り,3,根性,3,回復量,1,気配,-2,牙竜のコイン,3,狩猟王のコイン,3,爆炎袋,4,,
クロオビヘルム,0,1,6,0,8,99,55,124,2,2,2,2,2,胴系統倍加,1,,,,,,,,,金獅子の黒毛,2,撃龍王のコイン,3,飛竜のコイン,3,獣竜のコイン,3
クロオビキャップ,0,2,6,0,8,99,28,80,3,3,3,3,3,胴系統倍加,1,,,,,,,,,金獅子の黒毛,2,撃龍王のコイン,3,飛竜のコイン,3,獣竜のコイン,3
セイラーフード,2,0,6,2,8,99,60,127,0,2,0,-2,0,運気,1,広域,4,気配,-3,,,,,希望の証,1,狩猟王のコイン,2,ガマのコイン,5,ノヴァクリスタル,5
セイラーキャップ,2,0,6,2,8,99,30,80,1,3,1,-1,1,運気,2,広域,5,気配,-2,,,,,希望の証,1,狩猟王のコイン,2,ガマのコイン,5,ノヴァクリスタル,5
アークＳヘルム,1,0,7,1,7,99,65,128,-4,4,0,3,-6,剣術,3,本気,4,火耐性,-2,狂撃耐性,2,,,天廻龍の尖角,2,天廻龍の上鱗,4,天廻龍の甲殻,4,フルクライト鉱石,2
アークＳキャップ,1,0,7,2,7,99,33,81,-3,5,1,4,-5,本気,3,精密射撃,2,火耐性,-2,狂撃耐性,2,,,天廻龍の尖角,2,天廻龍の上鱗,4,天廻龍の甲殻,4,フルクライト鉱石,2
フィリアＳヘルム,2,0,7,1,7,99,65,128,-4,4,0,3,-6,剣術,3,本気,4,火耐性,-2,狂撃耐性,2,,,天廻龍の尖角,2,天廻龍の上鱗,4,天廻龍の甲殻,4,フルクライト鉱石,2
フィリアＳキャップ,2,0,7,2,7,99,33,81,-3,5,1,4,-5,本気,3,精密射撃,2,火耐性,-2,狂撃耐性,2,,,天廻龍の尖角,2,天廻龍の上鱗,4,天廻龍の甲殻,4,フルクライト鉱石,2
金色ノ添髪,0,0,7,2,7,99,65,128,2,1,3,-6,2,本気,1,闘魂,2,スタミナ,-1,,,,,金獅子の尖角,2,黄金の毛,1,金獅子の黒毛,3,火竜の逆鱗,1
黒子ノ面隠,0,0,7,2,7,99,33,81,3,2,4,-5,3,本気,1,闘魂,2,スタミナ,-1,,,,,金獅子の尖角,2,黄金の毛,1,金獅子の黒毛,3,火竜の逆鱗,1
怒天ノ添髪,0,0,7,2,7,99,81,134,2,1,4,-7,2,匠,1,本気,2,闘魂,2,スタミナ,-2,,,羅刹の金角,2,金獅子の怒髪,3,金獅子の尖角,1,火竜の紅玉,1
心滅ノ面隠,0,0,7,2,7,99,41,83,3,2,5,-6,3,装填速度,1,本気,2,闘魂,2,スタミナ,-2,,,羅刹の金角,2,金獅子の怒髪,3,金獅子の尖角,1,火竜の紅玉,1
クシャナアンク,0,0,7,2,7,99,68,131,-2,2,-5,5,-6,属性解放,2,溜め短縮,3,耐暑,1,毒,-2,,,鋼龍の堅殻,2,鋼龍の尖角,1,鋼龍の宝玉,1,マレコガネ,2
クシャナスーラ,0,0,7,2,7,99,34,81,-1,3,-4,6,-5,属性解放,2,溜め短縮,3,耐暑,1,毒,-2,,,鋼龍の堅殻,2,鋼龍の尖角,1,鋼龍の宝玉,1,マレコガネ,2
カイザークラウン,0,0,7,2,7,99,68,131,4,-6,1,-2,-2,細菌学,2,属性解放,3,剣術,3,耐寒,-1,,,炎王龍の尖角,2,獄炎の龍鱗,5,炎龍の宝玉,1,,
カイザーマスク,0,0,7,1,7,99,34,81,5,-5,2,-1,-1,細菌学,2,属性解放,3,装填速度,4,耐寒,-1,,,炎王龍の尖角,2,獄炎の龍鱗,5,炎龍の宝玉,1,,
残陽・覇【兜】,1,0,7,2,7,99,64,127,3,2,-4,3,-4,抜刀会心,2,不動,2,達人,2,底力,-3,,,豪山龍の上紅鱗,5,荒々しい龍尖角,4,豪山龍の堅岩殻,5,勇気の証Ｇ,1
東雲・覇【陣笠】,1,0,7,2,7,99,32,80,4,3,-3,4,-3,装填速度,-3,速射,2,不動,2,貫通弾強化,2,,,豪山龍の上紅鱗,5,荒々しい龍尖角,4,豪山龍の堅岩殻,5,勇気の証Ｇ,1
常磐・覇【兜】,2,0,7,2,7,99,64,127,3,2,-4,3,-4,抜刀会心,2,不動,2,達人,2,底力,-3,,,豪山龍の上紅鱗,5,荒々しい龍尖角,4,豪山龍の堅岩殻,5,勇気の証Ｇ,1
八千代・覇【冠】,2,0,7,2,7,99,32,80,4,3,-3,4,-3,装填速度,-3,速射,2,不動,2,貫通弾強化,2,,,豪山龍の上紅鱗,5,荒々しい龍尖角,4,豪山龍の堅岩殻,5,勇気の証Ｇ,1
リベリオンヘルム,0,0,7,0,8,99,69,132,3,3,-2,-2,-3,怒,2,強欲,2,攻撃,-2,,,,,蛇王龍の尾鱗,4,蛇王龍の睨眼,2,渦巻骨,4,黒蝕竜の尖触角,1
ライオットキャップ,0,0,7,0,8,99,35,81,4,4,-1,-1,-2,怒,2,強欲,2,攻撃,-2,,,,,蛇王龍の尾鱗,4,蛇王龍の睨眼,2,渦巻骨,4,黒蝕竜の尖触角,1
アカムトサクパケ,0,0,7,0,7,99,65,128,4,0,-3,2,-5,匠,1,達人,4,聴覚保護,2,斬れ味,-2,,,覇竜の大棘,3,覇竜の上鱗,4,覇竜の堅殻,6,轟竜のアギト,1
アカムトサクイマキ,0,0,7,1,7,99,33,81,5,1,-2,3,-4,装填速度,-2,達人,3,聴覚保護,2,装填数,1,,,覇竜の大棘,3,覇竜の上鱗,4,覇竜の堅殻,6,轟竜のアギト,1
シルバーソルヘルム,0,0,7,1,7,10,81,134,2,-7,-4,0,4,痛撃,2,斬れ味,3,火属性攻撃,4,回復量,-3,,,銀火竜の上鱗,5,古龍の血,1,火竜の煌液,3,ノヴァクリスタル,1
シルバーソルキャップ,0,0,7,1,7,10,41,83,3,-6,-3,1,5,痛撃,3,貫通弾強化,2,火属性攻撃,4,回復量,-3,,,銀火竜の上鱗,5,古龍の血,1,火竜の煌液,3,ノヴァクリスタル,1
ゴールドルナヘルム,0,0,7,3,7,10,81,134,2,-4,-7,0,4,運気,2,重撃,1,雷耐性,-2,加護,1,,,金火竜の上棘,3,金火竜の堅殻,5,火竜の煌液,3,爆炎袋,3
ゴールドルナキャップ,0,0,7,3,7,10,41,83,3,-3,-6,1,5,運気,2,重撃,2,雷耐性,-2,加護,2,,,金火竜の上棘,3,金火竜の堅殻,5,火竜の煌液,3,爆炎袋,3
グリードヘルム,0,0,7,0,7,10,64,127,-1,-1,-3,-1,-1,強欲,1,攻撃,3,食事,3,腹減り,-2,,,歴戦の漆黒皮,4,恐暴竜の黒鱗,2,恐暴竜の頭殻,4,古龍骨,2
グリードキャップ,0,0,7,0,7,10,32,80,0,0,-2,0,0,強欲,2,攻撃,4,食事,2,腹減り,-2,,,歴戦の漆黒皮,4,恐暴竜の黒鱗,2,恐暴竜の頭殻,4,古龍骨,2
エクスゼロヘルム,0,0,7,1,8,99,81,134,3,-5,2,-3,1,一心,1,聴覚保護,4,研ぎ師,-2,食事,5,,,脈動する爆心,1,大轟竜の鋭牙,2,大轟竜の上鱗,2,炎龍の宝玉,1
エクスゼロキャップ,0,0,7,1,8,99,41,83,4,-4,3,-2,2,一心,2,反動,-2,聴覚保護,4,食事,4,,,脈動する爆心,1,大轟竜の鋭牙,2,大轟竜の上鱗,2,炎龍の宝玉,1
ドラゴンヘッド,0,0,7,3,8,99,84,136,-3,2,2,-1,-6,痛撃,2,達人,-3,斬れ味,1,,,,,黒龍の眼,2,黒龍の鱗,4,黒龍の角,4,鎧竜の延髄,1
ドラゴンフェイス,0,0,7,3,8,99,42,83,-2,3,3,0,-5,痛撃,2,達人,-3,貫通弾強化,1,,,,,黒龍の眼,2,黒龍の鱗,4,黒龍の角,4,鎧竜の延髄,1
ミラバルヘッド,0,0,7,1,8,99,86,138,2,-1,1,-3,-7,怒,3,防御,-3,斬れ味,1,スタミナ,1,,,黒龍の魔眼,3,黒龍の紅鱗,5,黒龍の紅角,2,覇竜の宝玉,1
ミラバルフェイス,0,0,7,1,8,99,43,84,3,0,2,-2,-6,怒,3,防御,-3,スタミナ,1,通常弾強化,1,,,黒龍の魔眼,3,黒龍の紅鱗,5,黒龍の紅角,2,覇竜の宝玉,1
キリンＵホーン,0,0,7,1,8,99,65,128,-3,-3,-1,6,3,属性耐性,2,運気,-2,氷属性攻撃,3,属性攻撃,2,,,キリンの氷角,2,キリンの霜尾,2,キリンの上皮,3,キリンの蒼角,5
キリンＵコルノ,0,0,7,1,8,99,33,81,-2,-2,0,7,4,属性耐性,2,運気,-2,氷属性攻撃,4,属性攻撃,2,,,キリンの氷角,2,キリンの霜尾,2,キリンの上皮,3,キリンの蒼角,5
ウカムルサクパケ,0,0,7,1,8,99,67,130,-5,0,-3,4,-2,刀匠,1,達人,-2,底力,3,耐泥耐雪,3,,,崩竜の堅殻,3,崩竜の削顎,2,轟竜のアギト,1,,
ウカムルサクイマキ,0,0,7,1,8,99,34,81,-4,1,-2,5,-1,射手,1,達人,-2,底力,3,耐泥耐雪,3,,,崩竜の堅殻,3,崩竜の削顎,2,轟竜のアギト,1,,
金剛【兜】,0,0,7,1,8,99,82,136,-2,3,2,2,-2,運気,2,ガード性能,3,火耐性,-2,耐震,2,,,砦蟹の堅甲,1,鋼龍の宝玉,1,マレコガネ,1,,
不動【兜】,0,0,7,1,8,99,41,83,0,5,3,3,-1,反動,3,運気,2,火耐性,-2,耐震,2,,,砦蟹の堅甲,1,鋼龍の宝玉,1,マレコガネ,1,,
夜叉【御面】,0,0,7,2,8,99,68,131,2,2,0,-2,-2,剣術,2,属性耐性,2,底力,-2,加護,1,,,神龍苔,3,神龍木,2,浮岳龍の体液,5,,
修羅【御面】,0,0,7,2,8,99,34,81,3,4,2,-1,-1,属性耐性,2,底力,-2,装填数,2,加護,1,,,神龍苔,3,神龍木,2,浮岳龍の体液,5,,
エンプレスセクター,0,0,7,3,6,99,68,131,4,-2,1,-6,-2,属性解放,1,達人,2,ガード性能,1,耐寒,-1,,,炎妃龍のたてがみ,2,黒轟竜の尖爪,4,黒轟竜の上鱗,3,獄炎石,2
エンプレスマスク,0,0,7,3,6,99,34,81,5,-1,2,-5,-1,属性解放,1,達人,2,ガード強化,1,耐寒,-1,,,炎妃龍のたてがみ,2,黒轟竜の尖爪,4,黒轟竜の上鱗,3,獄炎石,2
ミヅハ【烏帽子】,0,0,7,1,8,99,69,132,-4,3,0,4,-1,匠,1,聴覚保護,5,風圧,4,耐暑,-2,,,霞龍の上皮,3,霞龍の宝玉,1,古龍の血,2,,
トヨタマ【烏帽子】,0,0,7,1,8,99,35,81,-3,4,1,5,0,聴覚保護,5,装填数,1,風圧,4,耐暑,-2,,,霞龍の上皮,3,霞龍の宝玉,1,古龍の血,2,,
ヘリオスヘルム,1,0,7,2,8,99,84,136,0,3,-2,1,-5,聴覚保護,4,重撃,1,水属性攻撃,1,加護,-2,,,湾曲した龍角,2,神秘の発光体,1,金火竜の上棘,1,,
ヘリオスキャップ,1,0,7,2,8,99,42,83,1,4,-1,2,-4,聴覚保護,3,重撃,1,水属性攻撃,1,加護,-2,,,湾曲した龍角,2,神秘の発光体,1,金火竜の上棘,1,,
セレネヘルム,2,0,7,2,8,99,84,136,0,3,-2,1,-5,聴覚保護,4,重撃,1,水属性攻撃,1,加護,-2,,,湾曲した龍角,2,神秘の発光体,1,金火竜の上棘,1,,
セレネキャップ,2,0,7,2,8,99,42,83,1,4,-1,2,-4,聴覚保護,3,重撃,1,水属性攻撃,1,加護,-2,,,湾曲した龍角,2,神秘の発光体,1,金火竜の上棘,1,,
エスカドラワイズ,0,0,7,0,8,99,86,138,0,-2,0,0,-2,本気,2,属性耐性,1,回避距離,2,属性攻撃,1,気絶,-1,天をつらぬく角,1,荒々しい龍尖角,3,竜玉,5,,
エスカドラサジェス,0,0,7,0,8,99,43,84,1,-1,1,1,-1,本気,1,属性耐性,2,回避距離,2,属性攻撃,2,気絶,-1,天をつらぬく角,1,荒々しい龍尖角,3,竜玉,5,,
EXレイアヘルム,0,0,7,2,8,10,50,121,3,0,-2,0,-4,頑強,1,匠,2,底力,2,回復量,2,気力回復,-1,希望の証,1,雌火竜の上棘,5,火竜の延髄,1,爆炎袋,2
EXレイアキャップ,0,0,7,2,8,10,25,79,4,1,-1,1,-3,頑強,1,底力,2,装填数,2,回復量,2,気力回復,-1,希望の証,1,雌火竜の上棘,5,火竜の延髄,1,爆炎袋,2
EXレウスヘルム,0,0,7,2,8,10,57,126,3,0,-2,0,-4,剛撃,1,匠,2,底力,2,気力回復,-1,狩人,2,希望の証,1,火竜の翼,5,火竜の延髄,1,爆炎袋,2
EXレウスキャップ,0,0,7,2,8,10,28,80,4,1,-1,1,-3,剛撃,1,底力,2,装填数,2,気力回復,-1,狩人,2,希望の証,1,火竜の翼,5,火竜の延髄,1,爆炎袋,2
EXクシャナアンク,0,0,7,1,8,99,82,136,-3,3,-6,6,-7,剣術,2,溜め短縮,3,耐暑,1,毒,-2,,,鋼龍チケット,2,鋼龍の尖角,3,銀火竜の堅殻,5,鋼龍の宝玉,1
EXクシャナスーラ,0,0,7,1,8,99,41,83,-2,4,-5,7,-6,装填速度,2,溜め短縮,3,耐暑,1,毒,-2,,,鋼龍チケット,2,鋼龍の尖角,3,銀火竜の堅殻,5,鋼龍の宝玉,1
EXカイザークラウン,0,0,7,0,8,99,82,136,5,-7,2,-2,-4,属性解放,2,達人,3,斬れ味,3,耐寒,-1,,,炎王龍チケット,2,炎王龍のたてがみ,4,蛇王龍の鉤爪,3,炎龍の宝玉,1
EXカイザーマスク,0,0,7,0,8,99,41,83,6,-6,3,-1,-3,属性解放,2,達人,3,通常弾強化,3,耐寒,-1,,,炎王龍チケット,2,炎王龍のたてがみ,4,蛇王龍の鉤爪,3,炎龍の宝玉,1
EXレックスヘルム,0,0,7,1,8,99,82,136,3,-1,-5,0,-3,攻撃,4,研ぎ師,-2,千里眼,3,食いしん坊,3,,,探求者の証,2,轟竜のアギト,1,覇竜の大棘,4,覇竜の宝玉,1
EXレックスキャップ,0,0,7,1,8,99,41,83,4,0,-4,1,-2,反動,-2,攻撃,4,千里眼,3,食いしん坊,3,,,探求者の証,2,轟竜のアギト,1,覇竜の大棘,4,覇竜の宝玉,1
大和【兜】,1,0,7,2,8,99,67,130,3,1,0,-4,-4,防御,4,達人,2,底力,-2,溜め短縮,2,,,希望の証,1,豪山龍の上紅鱗,5,荒々しい龍尖角,4,豪山龍の堅岩殻,5
陸奥【烏帽子】,1,0,7,2,8,99,34,81,4,2,1,-3,-3,装填速度,-2,反動,2,防御,3,貫通弾強化,2,,,希望の証,1,豪山龍の上紅鱗,5,荒々しい龍尖角,4,豪山龍の堅岩殻,5
日向【鉢金】,2,0,7,2,8,99,67,130,3,1,0,-4,-4,防御,4,達人,2,底力,-2,溜め短縮,2,,,希望の証,1,豪山龍の上紅鱗,5,荒々しい龍尖角,4,豪山龍の堅岩殻,5
天城【鉢金】,2,0,7,2,8,99,34,81,4,2,1,-3,-3,装填速度,-2,反動,2,防御,3,貫通弾強化,2,,,希望の証,1,豪山龍の上紅鱗,5,荒々しい龍尖角,4,豪山龍の堅岩殻,5
忍の面・天,0,0,7,2,8,99,81,134,2,-6,4,-3,2,防御,-2,回避性能,2,属性攻撃,2,,,,,希望の証Ｇ,1,勇気の証Ｇ,1,フルクライト鉱石,3,覇竜の上鱗,5
忍の面・地,0,0,7,2,8,99,41,83,3,-5,5,-2,3,防御,-2,回避性能,2,属性攻撃,2,,,,,希望の証Ｇ,1,勇気の証Ｇ,1,フルクライト鉱石,3,覇竜の上鱗,5
知略の眼鏡,0,0,7,1,8,99,25,79,3,3,3,3,3,千里眼,4,観察眼,6,,,,,,,撃龍王のコイン,5,ノヴァクリスタル,5,,,,
アイルーヘアバンド,0,0,7,2,8,99,25,79,2,2,2,2,2,盗み無効,10,,,,,,,,,撃龍王のコイン,5,肉球のスタンプ,3,,,,
シャドウアイ,0,0,7,3,4,99,13,79,2,2,2,2,2,気絶,7,,,,,,,,,モンハン部認定証,3,ノヴァクリスタル,2,,,,
ケロロフェイク,0,0,7,0,1,99,10,71,0,7,-5,2,-2,爆弾強化,10,根性,4,,,,,,,ケロンスター,3,厳めしい頭骨,2,化け鮫の鋸歯,2,カワズの油,3
ブルースターロポス,0,0,7,1,1,99,26,116,1,1,1,1,1,闘魂,2,水属性攻撃,3,采配,2,,,,,スタジオパス,1,火竜の鱗,3,火竜の甲殻,3,火竜の逆鱗,1
ブルースターハット,0,0,7,1,1,99,13,72,2,2,2,2,2,闘魂,3,水属性攻撃,3,采配,3,,,,,スタジオパス,1,火竜の鱗,3,火竜の甲殻,3,火竜の逆鱗,1
キャプテンＪハット,0,0,7,1,4,99,26,105,-3,-3,-3,-3,-3,剥ぎ取り,2,運気,2,捕獲,1,加護,-3,,,海賊Ｊチケット,1,獄狼竜の龍毛,3,獄狼竜の尖角,4,狂竜結晶,3
キャプテンＪロジャー,0,0,7,1,4,99,13,65,-2,-2,-2,-2,-2,剥ぎ取り,3,運気,3,捕獲,1,加護,-3,,,海賊Ｊチケット,1,獄狼竜の龍毛,3,獄狼竜の尖角,4,狂竜結晶,3
伝説Ｊハット,0,1,7,0,8,99,44,105,-4,-4,-4,-4,-4,胴系統倍加,1,,,,,,,,,伝説Ｊの海賊帽,2,炎王龍のたてがみ,3,炎王龍の尖角,2,炎龍の塵粉,2
伝説Ｊロジャー,0,2,7,0,8,99,22,65,-3,-3,-3,-3,-3,胴系統倍加,1,,,,,,,,,伝説Ｊの海賊帽,2,炎王龍のたてがみ,3,炎王龍の尖角,2,炎龍の塵粉,2
ユニクロフード,0,0,7,2,4,99,44,118,-3,1,0,4,0,聴覚保護,2,回避距離,3,食事,-2,耐寒,2,,,ユニクロチケット,1,轟竜の堅殻,4,狂竜結晶,1,竜玉,1
ユニクロキャップ,0,0,7,2,4,99,22,73,-2,2,1,5,1,聴覚保護,2,回避距離,3,食事,-2,耐寒,2,,,ユニクロチケット,1,轟竜の堅殻,4,狂竜結晶,1,竜玉,1
スタールークヘルム,0,0,7,2,4,99,52,120,0,0,0,0,0,潔癖,2,闘魂,2,乗り,2,,,,,スタジオＧパス,1,金火竜の堅殻,3,蒼火竜の上鱗,2,金火竜の上棘,4
スタールークキャップ,0,0,7,2,4,99,26,73,1,1,1,1,1,潔癖,2,闘魂,3,乗り,2,,,,,スタジオＧパス,1,金火竜の堅殻,3,蒼火竜の上鱗,2,金火竜の上棘,4
ゾディアスヘルム,0,0,7,2,4,99,52,122,1,1,1,1,1,潔癖,1,剣術,3,匠,2,乗り,-3,,,冥天の星くず,1,鋼龍の堅殻,2,鋼龍の翼膜,2,鋼龍の宝玉,1
ゾディアスキャップ,0,0,7,3,4,99,26,73,2,2,2,2,2,潔癖,1,装填数,3,乗り,-3,,,,,冥天の星くず,1,鋼龍の堅殻,2,鋼龍の翼膜,2,鋼龍の宝玉,1
勇者の帽子,0,0,7,0,4,99,52,122,2,2,2,2,2,属性解放,2,運気,3,聴覚保護,-4,加護,3,,,トライフォース,1,黄金の毛,2,雌火竜の翼膜,2,ギルドチケットＳ,2
勇者の頭巾,0,0,7,0,4,99,26,73,3,3,3,3,3,属性解放,2,運気,3,聴覚保護,-4,加護,4,,,トライフォース,1,黄金の毛,2,雌火竜の翼膜,2,ギルドチケットＳ,2
逆巻く怒髪,0,0,7,0,7,99,52,105,6,6,6,6,6,怒,2,闘魂,3,気配,-5,,,,,地上最強の証明,1,炎王龍のたてがみ,3,恐暴竜の唾液,1,恐暴竜の頭殻,2
威圧の逆髪,0,0,7,0,7,99,26,65,7,7,7,7,7,怒,2,闘魂,3,気配,-5,,,,,地上最強の証明,1,炎王龍のたてがみ,3,恐暴竜の唾液,1,恐暴竜の頭殻,2
EXキリンＵホーン,0,0,7,2,7,99,1,134,0,0,1,6,3,属性解放,3,属性耐性,3,運気,-2,属性攻撃,2,,,幻獣チケット,1,キリンの蒼角,2,キリンの雷尾,3,ギルドチケットＧ,2
EXキリンＵコルノ,0,0,7,2,7,99,1,72,1,1,2,7,4,属性解放,2,属性耐性,3,運気,-2,属性攻撃,3,,,幻獣チケット,1,キリンの蒼角,2,キリンの雷尾,3,ギルドチケットＧ,2
EXインゴットヘルム,0,0,7,2,5,99,41,116,-2,-2,2,0,0,刀匠,1,砲術,3,ガード強化,2,納刀,1,気まぐれ,-3,蛇と蛙チケット,1,フルクライト鉱石,12,絞蛇竜の上鳴甲,4,ギルドチケットＳ,2
EXインゴットキャップ,0,0,7,2,5,99,21,78,-1,-1,3,1,1,射手,1,反動,1,砲術,3,散弾強化,2,気まぐれ,-3,蛇と蛙チケット,1,フルクライト鉱石,12,絞蛇竜の上鳴甲,4,ギルドチケットＳ,2
EXアーティアヘルム,0,0,7,2,8,99,52,123,0,-3,-3,2,3,属性解放,2,抜刀会心,3,研ぎ師,-3,,,,,金獅子チケット,1,太古の破片,4,金獅子の尖爪,2,ギルドチケットＧ,1
EXアーティアキャップ,0,0,7,2,8,99,26,79,1,-2,-2,3,4,装填速度,-3,速射,3,装填数,3,,,,,金獅子チケット,1,太古の破片,4,金獅子の尖爪,2,ギルドチケットＧ,1
EXゴアヘルム,0,0,7,1,8,99,58,125,-5,3,-3,2,-2,細菌学,2,剣術,3,闘魂,4,火耐性,-3,,,黒蝕竜チケット,1,黒蝕竜の尖触角,4,天廻龍の上虹翼,5,ギルドチケットＧ,1
EXゴアキャップ,0,0,7,2,8,99,29,80,-4,4,-2,3,-1,細菌学,2,闘魂,3,精密射撃,2,火耐性,-3,,,黒蝕竜チケット,1,黒蝕竜の尖触角,4,天廻龍の上虹翼,5,ギルドチケットＧ,1
EXリベリオンヘルム,0,0,7,1,8,99,81,134,3,3,-2,-2,-3,怒,2,頑強,2,攻撃,-2,狂撃耐性,1,,,蛇王龍チケット,1,蛇王龍の睨眼,3,渦巻骨,8,凶星の破片,2
EXライオットキャップ,0,0,7,1,8,99,41,83,4,4,-1,-1,-2,怒,2,頑強,2,攻撃,-2,狂撃耐性,1,,,蛇王龍チケット,1,蛇王龍の睨眼,3,渦巻骨,8,凶星の破片,2
勝者の羽飾り,0,0,6,3,8,99,25,79,0,0,0,0,0,護石収集,2,,,,,,,,,※闘技大会,1,,,,,,
勇者の羽飾り,0,0,6,3,8,99,25,79,0,0,0,0,0,増幅,2,,,,,,,,,※闘技大会,1,,,,,,
覇者の羽飾り,0,0,7,3,8,99,25,79,0,0,0,0,0,剛撃,2,,,,,,,,,※闘技大会,1,,,,,,
パティシエトック,0,0,7,2,4,99,58,125,4,2,2,2,-5,火属性攻撃,4,食欲,2,,,,,,,ユクモチケット,1,千刃竜の飛刃,3,純白の龍鱗,2,高級お食事券,1
パティシエキャップ,0,0,7,2,4,99,29,80,5,3,3,3,-4,効果持続,1,火属性攻撃,4,食欲,2,,,,,ユクモチケット,1,千刃竜の飛刃,3,純白の龍鱗,2,高級お食事券,1
ブナハＸハット,0,0,8,2,9,99,72,129,-5,-1,2,-1,3,攻撃,-4,特殊攻撃,4,納刀,1,麻痺,2,,,飛甲虫の斬羽,2,飛甲虫の堅殻,2,盾虫の重殻,2,皇帝バッタ,2
ブナハＸキャップ,0,0,8,2,9,99,38,84,-4,0,3,0,4,攻撃,-2,特殊攻撃,4,納刀,1,麻痺,2,,,飛甲虫の斬羽,2,飛甲虫の堅殻,2,盾虫の重殻,2,皇帝バッタ,2
ズワロＸフード,0,0,8,2,9,99,70,127,-4,3,0,-2,2,防御,-3,体力,1,回復速度,9,,,,,極上の毛皮,4,垂皮竜の上皮,5,,,,
ズワロＸフッド,0,0,8,2,9,99,36,82,-3,4,1,-1,3,防御,-3,体力,2,回復速度,9,,,,,極上の毛皮,4,垂皮竜の上皮,5,,,,
リノプロＸヘルム,0,0,8,1,9,99,70,127,2,-1,-1,-1,1,砲術,3,KO,2,気絶,-3,耐泥耐雪,1,,,草食竜の重骨,3,草食竜の堅殻,1,大地の結晶,3,,
リノプロＸキャップ,0,0,8,1,9,99,36,82,3,0,0,0,2,砲術,3,KO,2,気絶,-3,耐泥耐雪,2,,,草食竜の重骨,3,草食竜の堅殻,1,大地の結晶,3,,
イーオスＸヘルム,0,0,8,2,9,99,80,135,0,-4,-4,3,3,属性解放,2,特殊攻撃,4,毒,1,気絶,-2,,,イーオスの厚皮,2,イーオスの上鱗,2,堅牢な鳥竜骨,3,劇烈毒袋,3
イーオスＸキャップ,0,0,8,2,9,99,43,88,1,-3,-3,4,4,属性解放,2,特殊攻撃,4,毒,2,気絶,-2,,,イーオスの厚皮,2,イーオスの上鱗,2,堅牢な鳥竜骨,3,劇烈毒袋,3
ガレオスＸヘルム,0,0,8,1,9,99,74,131,3,0,-2,-3,1,防御,1,千里眼,5,耐暑,3,腹減り,1,気絶,-1,砂竜の厚鱗,5,砂竜の桃ヒレ,1,砂竜の特上ヒレ,2,カブレライト鉱石,5
ガレオスＸキャップ,0,0,8,2,9,99,40,86,4,1,-1,-2,2,防御,1,千里眼,4,耐暑,3,腹減り,1,気絶,-1,砂竜の厚鱗,5,砂竜の桃ヒレ,1,砂竜の特上ヒレ,2,カブレライト鉱石,5
ウルクＸヘルム,0,0,8,2,9,99,80,135,-3,2,-1,2,2,回避距離,2,納刀,1,効果持続,1,耐暑,-2,耐寒,2,白兎獣の地獄耳,2,重厚な骨,2,堅牢な鳥竜骨,3,エルトライト鉱石,3
ウルクＸキャップ,0,0,8,2,9,99,43,88,-2,3,0,3,3,回避距離,3,納刀,1,効果持続,2,耐暑,-2,耐寒,2,白兎獣の地獄耳,2,重厚な骨,2,堅牢な鳥竜骨,3,エルトライト鉱石,3
ケチャＸヘルム,0,0,8,0,9,99,74,131,-5,3,-3,0,3,運気,-2,水属性攻撃,6,体術,2,気まぐれ,2,,,奇猿狐の豪剛毛,3,奇猿狐の重長骨,3,重厚な骨,1,極上の毛皮,2
ケチャＸキャップ,0,0,8,0,9,99,40,86,-4,4,-2,1,4,運気,-1,水属性攻撃,6,体術,2,気まぐれ,2,,,奇猿狐の豪剛毛,3,奇猿狐の重長骨,3,重厚な骨,1,極上の毛皮,2
ケチャＺヘルム,0,0,8,2,9,99,76,133,3,-5,-2,-3,3,対防御DOWN,3,火属性攻撃,5,水耐性,-2,体術,2,,,白猿狐の豪剛毛,3,白猿狐の重長骨,3,重厚な骨,1,極上の毛皮,2
ケチャＺキャップ,0,0,8,2,9,99,41,87,4,-4,-1,-2,4,対防御DOWN,3,火属性攻撃,6,水耐性,-2,体術,2,,,白猿狐の豪剛毛,3,白猿狐の重長骨,3,重厚な骨,1,極上の毛皮,2
コンガＸヘルム,0,0,8,2,9,99,74,131,-4,1,1,-1,3,細菌学,2,特殊攻撃,1,食いしん坊,3,腹減り,-1,茸食,3,桃毛獣の豪剛毛,2,極彩色の毛,3,桃毛獣の剛爪,2,皇帝バッタ,2
コンガＸキャップ,0,0,8,2,9,99,40,86,-3,2,2,0,4,細菌学,2,特殊攻撃,1,食いしん坊,4,腹減り,-1,茸食,3,桃毛獣の豪剛毛,2,極彩色の毛,3,桃毛獣の剛爪,2,皇帝バッタ,2
コンガＺヘルム,0,0,8,1,9,99,76,133,1,0,0,-4,3,痛撃,1,底力,3,爆弾強化,2,腹減り,-1,茸食,2,緑毛獣の豪剛毛,2,極彩色のトサカ,1,緑毛獣の剛爪,2,ドスヘラクレス,2
コンガＺキャップ,0,0,8,1,9,99,41,87,2,1,1,-3,4,痛撃,1,底力,3,爆弾強化,2,腹減り,-1,茸食,2,緑毛獣の豪剛毛,2,極彩色のトサカ,1,緑毛獣の剛爪,2,ドスヘラクレス,2
ゲリョスＸヘルム,0,0,8,2,9,99,75,132,-5,2,3,-2,0,達人,3,スタミナ,1,腹減り,-2,毒,3,,,ゴム質の特上皮,4,毒怪鳥の石頭,1,ノヴァクリスタル,1,ランポスの剛爪,2
ゲリョスＸキャップ,0,0,8,2,9,99,40,86,-4,3,4,-1,1,達人,3,スタミナ,2,腹減り,-2,毒,2,,,ゴム質の特上皮,4,毒怪鳥の石頭,1,ノヴァクリスタル,1,ランポスの剛爪,2
ゲリョスＺヘルム,0,0,8,2,9,99,77,134,-5,2,3,-2,0,達人,-1,気力回復,1,風圧,2,気絶,4,,,ゴム質の紫柔皮,2,毒怪鳥の紫剛翼,2,ノヴァクリスタル,1,毒怪鳥の石頭,1
ゲリョスＺキャップ,0,0,8,2,9,99,41,87,-4,3,4,-1,1,達人,-1,気力回復,1,風圧,3,気絶,4,,,ゴム質の紫柔皮,2,毒怪鳥の紫剛翼,2,ノヴァクリスタル,1,毒怪鳥の石頭,1
ザザミＸヘルム,0,0,8,1,9,99,75,132,-3,3,-4,0,1,防御,5,ガード性能,4,雷耐性,-2,節食,2,,,盾蟹の剛爪,1,盾蟹の重殻,2,エルトライト鉱石,6,竜頭殻,1
ザザミＸキャップ,0,0,8,1,9,99,40,86,-2,4,-3,1,2,防御,5,精密射撃,4,雷耐性,-2,節食,2,,,盾蟹の剛爪,1,盾蟹の重殻,2,エルトライト鉱石,6,竜頭殻,1
ザザミＺヘルム,0,0,8,1,9,99,86,137,0,3,-2,-4,1,抜刀会心,2,ガード性能,3,スタミナ,-2,根性,1,体術,3,盾蟹の紫爪,1,盾蟹の紫殻,3,竜頭殻,1,エルトライト鉱石,3
ザザミＺキャップ,0,0,8,1,9,99,46,89,1,6,-1,-2,2,反動,3,根性,1,装填数,-2,貫通弾強化,3,拡散弾追加,2,盾蟹の紫爪,1,盾蟹の紫殻,3,竜頭殻,1,エルトライト鉱石,3
カブラＸヘルム,0,0,8,1,9,99,78,135,3,-5,-4,0,2,防御,3,採取,-2,体力,2,研ぎ師,5,減気攻撃,1,鬼蛙の弩級牙,2,鬼蛙の重殻,3,強面な大頭骨,2,皇帝バッタ,5
カブラＸキャップ,0,0,8,2,9,99,42,88,4,-4,-3,1,3,装填速度,4,防御,3,採取,-2,体力,2,減気攻撃,1,鬼蛙の弩級牙,2,鬼蛙の重殻,3,強面な大頭骨,2,皇帝バッタ,5
カブラＺヘルム,0,0,8,3,9,99,80,137,3,0,-4,-5,2,ガード強化,1,研ぎ師,-3,爆弾強化,3,,,,,荒鬼蛙の弩級牙,2,荒鬼蛙の重殻,3,強面な大頭骨,2,皇帝バッタ,5
カブラＺキャップ,0,0,8,3,9,99,43,89,4,1,-3,-4,3,装填速度,-3,聴覚保護,1,ガード強化,1,爆弾強化,3,,,荒鬼蛙の弩級牙,2,荒鬼蛙の重殻,3,強面な大頭骨,2,皇帝バッタ,5
スキュラＸヘルム,0,0,8,1,9,99,82,135,-3,3,-3,2,3,達人,3,観察眼,3,腹減り,-2,睡眠,2,耐粘,2,影蜘蛛の重鋏角,4,影蜘蛛の重殻,2,影蜘蛛の秘棘,2,飛甲虫の斬羽,4
スキュラＸキャップ,0,0,8,1,9,99,44,88,-2,4,-2,3,4,達人,3,観察眼,4,腹減り,-2,睡眠,2,耐粘,2,影蜘蛛の重鋏角,4,影蜘蛛の重殻,2,影蜘蛛の秘棘,2,飛甲虫の斬羽,4
ザボアＸヘルム,0,0,8,1,9,99,84,135,-4,3,-5,3,0,重撃,1,氷属性攻撃,3,食事,4,腹減り,-3,,,化け鮫の厚鱗,2,化け鮫の厚皮,4,化け鮫の重鋸歯,2,肉厚な厚皮,3
ザボアＸキャップ,0,0,8,2,9,99,45,88,-3,4,-4,4,1,重撃,1,氷属性攻撃,3,食事,3,腹減り,-3,,,化け鮫の厚鱗,2,化け鮫の厚皮,4,化け鮫の重鋸歯,2,肉厚な厚皮,3
ザボアＺヘルム,0,0,8,0,9,99,86,137,2,3,-4,-5,0,属性解放,3,気力回復,1,回復速度,4,耐震,2,裂傷,-4,虎鮫の厚鱗,2,虎鮫の厚皮,4,虎鮫の重鋸歯,2,肉厚な厚皮,3
ザボアＺキャップ,0,0,8,0,9,99,46,89,3,4,-3,-4,1,属性解放,3,気力回復,2,回復速度,4,耐震,2,裂傷,-4,虎鮫の厚鱗,2,虎鮫の厚皮,4,虎鮫の重鋸歯,2,肉厚な厚皮,3
ガララＸヘルム,0,0,8,2,9,99,86,137,3,-3,0,-5,3,痛撃,2,捕獲,2,聴覚保護,3,気まぐれ,-3,,,絞蛇竜の重殻,5,身も凍るクチバシ,1,大竜玉,1,堅牢な鳥竜骨,4
ガララＸキャップ,0,0,8,2,9,99,46,89,4,-2,1,-4,4,痛撃,1,捕獲,2,聴覚保護,4,気まぐれ,-3,,,絞蛇竜の重殻,5,身も凍るクチバシ,1,大竜玉,1,堅牢な鳥竜骨,4
ガララＺヘルム,0,0,8,0,9,99,88,139,-5,3,-3,4,3,抜刀減気,3,減気攻撃,2,水属性攻撃,2,気力回復,-1,,,水蛇竜の重殻,5,身も凍るクチバシ,1,大竜玉,1,堅牢な鳥竜骨,4
ガララＺキャップ,0,0,8,0,9,99,47,90,-4,4,-2,5,4,速射,3,減気攻撃,2,水属性攻撃,2,気力回復,-1,,,水蛇竜の重殻,5,身も凍るクチバシ,1,大竜玉,1,堅牢な鳥竜骨,4
フルフルＸヘルム,0,0,8,1,9,99,84,135,-5,1,1,2,1,雷属性攻撃,3,広域,5,回復速度,2,気絶,-1,,,真珠色の艶皮,2,重竜骨,1,ユニオン鉱石,8,モンスターの特濃,3
フルフルＸキャップ,0,0,8,2,9,99,45,88,-4,2,2,3,2,雷属性攻撃,3,広域,5,回復速度,2,気絶,-1,,,真珠色の艶皮,2,重竜骨,1,ユニオン鉱石,8,モンスターの特濃,3
フルフルＺヘルム,0,0,8,1,9,99,86,137,1,-5,1,2,1,回復量,3,広域,2,回復速度,-2,節食,2,,,魅惑色の艶皮,2,魅惑色の剛翼,2,モンスターの特濃,5,エルトライト鉱石,4
フルフルＺキャップ,0,0,8,2,9,99,46,89,2,-4,2,3,2,回復量,3,広域,2,回復速度,-2,節食,2,,,魅惑色の艶皮,2,魅惑色の剛翼,2,モンスターの特濃,5,エルトライト鉱石,4
レイアＸヘルム,0,0,8,3,9,99,84,135,3,0,-2,0,-4,属性解放,2,体力,1,回復量,2,回復速度,-1,,,雌火竜の秘棘,2,雌火竜の重殻,4,業炎袋,3,雌火竜の天鱗,1
レイアＸキャップ,0,0,8,3,9,99,45,88,4,1,-1,1,-3,属性解放,2,体力,1,回復量,3,回復速度,-1,,,雌火竜の秘棘,2,雌火竜の重殻,4,業炎袋,3,雌火竜の天鱗,1
リオハートＺヘルム,0,0,8,2,9,99,86,137,3,0,-2,0,-4,底力,3,火属性攻撃,3,風圧,1,気配,-1,,,桜火竜の重殻,2,桜火竜の厚鱗,3,重竜骨,2,雌火竜の秘棘,2
リオハートＺキャップ,0,0,8,2,9,99,46,89,4,1,-1,1,-3,底力,2,火属性攻撃,3,風圧,2,気配,-1,,,桜火竜の重殻,2,桜火竜の厚鱗,3,重竜骨,2,雌火竜の秘棘,2
ランポスＸヘルム,0,0,8,1,9,99,74,131,0,0,0,-5,3,匠,2,攻撃,3,千里眼,4,麻痺,-2,気絶,2,幻鳥竜玉,1,ランポスの剛爪,2,ランポスの上皮,3,ユニオン鉱石,2
ランポスＸキャップ,0,0,8,1,9,99,40,86,1,1,1,-4,4,攻撃,3,装填数,2,千里眼,4,麻痺,-2,気絶,2,幻鳥竜玉,1,ランポスの剛爪,2,ランポスの上皮,3,ユニオン鉱石,2
クックＸヘルム,0,0,8,1,9,99,74,131,3,0,-2,-4,2,攻撃,1,火耐性,3,水耐性,-2,肉食,5,,,怪鳥の福耳,1,怪鳥の重殻,2,怪鳥の剛翼,1,鋭利な爪,4
クックＸキャップ,0,0,8,1,9,99,40,86,4,1,-1,-3,3,攻撃,2,火耐性,4,水耐性,-2,肉食,5,,,怪鳥の福耳,1,怪鳥の重殻,2,怪鳥の剛翼,1,鋭利な爪,4
クックＺヘルム,0,0,8,2,9,99,76,133,3,-4,-3,0,2,達人,3,スタミナ,3,火属性攻撃,3,水耐性,-2,,,青怪鳥の重殻,2,怪鳥の福耳,1,怪鳥の剛翼,1,鋭利な爪,4
クックＺキャップ,0,0,8,2,9,99,41,87,4,-3,-2,1,3,達人,4,スタミナ,3,火属性攻撃,4,水耐性,-2,,,青怪鳥の重殻,2,怪鳥の福耳,1,怪鳥の剛翼,1,鋭利な爪,4
バサルＸヘルム,0,0,8,1,9,99,86,137,-1,-2,1,1,-3,抜刀減気,3,納刀,2,食事,3,腹減り,-2,耐泥耐雪,2,岩竜の重殻,3,岩竜の剛翼,3,怪鳥の厚鱗,2,劇烈毒袋,3
バサルＸキャップ,0,0,8,1,9,99,46,89,0,-1,2,2,-2,納刀,3,減気攻撃,3,食事,4,腹減り,-2,耐泥耐雪,3,岩竜の重殻,3,岩竜の剛翼,3,怪鳥の厚鱗,2,劇烈毒袋,3
バサルＺヘルム,0,0,8,1,9,99,88,139,0,-2,0,-3,1,ガード性能,3,重撃,2,耐暑,2,毒,2,麻痺,-2,桃岩竜の重殻,3,桃岩竜の剛翼,1,青怪鳥の厚鱗,2,大竜玉,1
バサルＺキャップ,0,0,8,2,9,99,47,90,1,-1,1,-2,2,重撃,4,通常弾強化,2,耐暑,2,毒,2,麻痺,-2,桃岩竜の重殻,3,桃岩竜の剛翼,1,青怪鳥の厚鱗,2,大竜玉,1
ペッコＸヘルム,0,0,8,2,9,99,75,132,2,-1,0,-3,0,効果持続,2,氷耐性,-3,観察眼,2,広域,2,笛,2,極彩色の艶羽根,2,徹甲虫の剛角,1,怪鳥の厚鱗,2,堅牢な骨,2
ペッコＸキャップ,0,0,8,2,9,99,40,86,3,0,1,-2,1,効果持続,2,氷耐性,-3,観察眼,2,広域,2,笛,2,極彩色の艶羽根,2,徹甲虫の剛角,1,怪鳥の厚鱗,2,堅牢な骨,2
ボロスＸヘルム,0,0,8,1,9,99,85,136,0,0,1,-2,0,攻撃,3,ガード性能,4,ガード強化,1,体術,2,腹減り,-2,土砂竜の重殻,1,土砂竜の重頭殻,1,草食竜の重骨,2,,
ボロスＸキャップ,0,0,8,1,9,99,45,88,1,1,2,-1,1,攻撃,3,ガード強化,1,精密射撃,2,体術,2,腹減り,-2,土砂竜の重殻,1,土砂竜の重頭殻,1,草食竜の重骨,2,,
ガブルＸヘルム,0,0,8,2,9,99,85,136,-2,3,-4,0,1,剣術,2,達人,3,食事,4,回復速度,-2,,,灯魚竜の秘棘,1,灯魚竜の厚皮,1,化け鮫の重鋸歯,2,堅竜骨,3
ガブルＸキャップ,0,0,8,2,9,99,45,88,-1,4,-3,1,2,反動,2,達人,3,食事,4,回復速度,-2,,,灯魚竜の秘棘,1,灯魚竜の厚皮,1,化け鮫の重鋸歯,2,堅竜骨,3
ハプルＸヘルム,0,0,8,1,9,99,85,136,2,0,-2,-4,1,抜刀減気,3,納刀,1,雷属性攻撃,-1,食事,3,,,光り輝く体液,2,潜口竜の重殻,2,重竜骨,2,,
ハプルＸキャップ,0,0,8,1,9,99,45,88,3,1,-1,-3,2,装填速度,4,納刀,2,装填数,2,貫通弾強化,3,雷属性攻撃,-1,光り輝く体液,2,潜口竜の重殻,2,重竜骨,2,,
ベリオＸヘルム,0,0,8,1,9,99,87,138,-5,0,-1,3,0,回避性能,2,氷属性攻撃,3,体術,3,気力回復,-2,,,琥珀色の重牙,2,特撰アルビノ,1,真珠色の艶皮,5,,
ベリオＸキャップ,0,0,8,1,9,99,47,90,-4,1,0,4,1,回避性能,3,氷属性攻撃,3,体術,4,気力回復,-2,,,琥珀色の重牙,2,特撰アルビノ,1,真珠色の艶皮,5,,
アグナＸヘルム,0,0,8,0,9,99,88,139,3,-5,0,-1,0,属性解放,2,斬れ味,4,ガード性能,2,底力,-2,火属性攻撃,5,炎戈竜の重殻,4,炎戈竜の特上ビレ,1,幻鳥竜玉,1,,
アグナＸキャップ,0,0,8,0,9,99,47,90,4,-4,1,0,1,底力,-2,通常弾強化,4,精密射撃,2,火属性攻撃,5,,,炎戈竜の重殻,4,炎戈竜の特上ビレ,1,幻鳥竜玉,1,,
ガノスＺヘルム,0,0,8,1,9,99,80,135,-4,4,-4,2,0,捕獲,2,スタミナ,2,耐暑,3,高速設置,3,,,翠水竜の厚鱗,1,翠水竜の特上ビレ,2,エルトライト鉱石,2,,
ガノスＺキャップ,0,0,8,1,9,99,43,88,-2,6,-2,3,1,捕獲,3,スタミナ,2,耐暑,3,高速設置,3,,,翠水竜の厚鱗,1,翠水竜の特上ビレ,2,エルトライト鉱石,2,,
ホクシン【添髪】,0,0,8,2,9,99,84,135,-2,4,-2,3,2,体力,2,水属性攻撃,4,北辰納豆流,3,,,,,交易船チケット,1,強面な大頭骨,1,極上の毛皮,3,,
カイエン【添髪】,0,0,8,2,9,99,45,88,-1,5,-1,4,3,体力,3,水属性攻撃,4,北辰納豆流,3,,,,,交易船チケット,1,強面な大頭骨,1,極上の毛皮,3,,
オウビートＸテスタ,1,0,8,1,9,99,72,129,3,-5,3,-4,2,採取,3,回避性能,2,特殊攻撃,2,耐寒,-2,,,ドスツノアゲハ,1,皇帝バッタ,3,業炎袋,3,,
オウビートＸカプト,1,0,8,1,9,99,38,84,4,-4,5,-3,2,採取,3,回避性能,3,特殊攻撃,2,耐寒,-2,,,ドスツノアゲハ,1,皇帝バッタ,3,業炎袋,3,,
パピメルＸテスタ,2,0,8,1,9,99,72,129,3,-5,3,-4,2,採取,3,回避性能,2,特殊攻撃,2,耐寒,-2,,,ドスツノアゲハ,1,皇帝バッタ,3,業炎袋,3,,
パピメルＸカプト,2,0,8,1,9,99,38,84,4,-4,5,-3,2,採取,3,回避性能,3,特殊攻撃,2,耐寒,-2,,,ドスツノアゲハ,1,皇帝バッタ,3,業炎袋,3,,
ロワーガＸテスタ,1,0,8,1,10,99,92,141,-4,0,3,-1,1,剣術,2,聴覚保護,3,龍属性攻撃,2,加護,-3,ハチミツ,2,ドスクワアゲハ,1,コスモライト鉱石,2,雷光虫,10,不死虫,15
ロワーガＸカプト,1,0,8,1,10,99,50,91,-3,1,4,0,2,速射,2,聴覚保護,3,龍属性攻撃,2,加護,-3,ハチミツ,2,ドスクワアゲハ,1,コスモライト鉱石,2,雷光虫,10,不死虫,15
ファルメルＸテスタ,2,0,8,1,10,99,92,141,-4,0,3,-1,1,剣術,2,聴覚保護,3,龍属性攻撃,2,加護,-3,ハチミツ,2,ドスクワアゲハ,1,コスモライト鉱石,2,雷光虫,10,不死虫,15
ファルメルＸカプト,2,0,8,1,10,99,50,91,-3,1,4,0,2,速射,2,聴覚保護,3,龍属性攻撃,2,加護,-3,ハチミツ,2,ドスクワアゲハ,1,コスモライト鉱石,2,雷光虫,10,不死虫,15
ガーディアンＸヘルム,1,0,8,2,9,99,80,135,0,0,0,0,0,採取,-2,運気,2,砲術,2,千里眼,2,加護,4,エルトライト鉱石,2,クロオビコインＧ,3,ガマのコインＧ,3,,
ガーディアンＸマスク,1,0,8,2,9,99,43,88,1,1,1,1,1,採取,-2,運気,2,千里眼,2,広域,4,加護,2,エルトライト鉱石,2,クロオビコインＧ,3,ガマのコインＧ,3,,
ヘルパーＸフード,2,0,8,2,9,99,80,135,0,0,0,0,0,採取,-2,運気,2,砲術,2,千里眼,2,加護,4,エルトライト鉱石,2,クロオビコインＧ,3,ガマのコインＧ,3,,
ヒーラーＸグラス,2,0,8,2,9,99,43,88,1,1,1,1,1,採取,-2,運気,2,千里眼,2,広域,4,加護,2,エルトライト鉱石,2,クロオビコインＧ,3,ガマのコインＧ,3,,
レギオスＸヘルム,0,0,9,3,10,99,92,145,3,0,-3,-2,0,研ぎ師,-3,体術,2,裂傷,2,斬術,3,,,千刃竜の断刀角,2,千刃竜の破刃,4,千刃竜の斬刃鱗,3,飛甲虫の斬羽,3
レギオスＸキャップ,0,0,9,3,10,99,50,94,4,1,-2,-1,1,装填速度,-3,反動,4,通常弾強化,4,体術,2,,,千刃竜の断刀角,2,千刃竜の破刃,4,千刃竜の斬刃鱗,3,飛甲虫の斬羽,3
スキュラＺヘルム,0,0,9,2,10,99,92,141,-1,3,0,-3,3,剥ぎ取り,1,達人,1,体力,-4,回避距離,2,特殊会心,3,骸蜘蛛の重鋏角,4,骸蜘蛛の重殻,2,骸蜘蛛の秘棘,2,鋭利な爪,3
スキュラＺキャップ,0,0,9,2,10,99,50,91,0,4,1,-2,4,剥ぎ取り,2,達人,1,体力,-4,回避距離,2,特殊会心,3,骸蜘蛛の重鋏角,4,骸蜘蛛の重殻,2,骸蜘蛛の秘棘,2,鋭利な爪,3
レウスＸヘルム,0,0,9,3,10,99,92,141,3,0,-2,0,-4,攻撃,4,火属性攻撃,3,回復量,-2,,,,,火竜の厚鱗,4,大竜玉,1,業炎袋,3,重竜骨,3
レウスＸキャップ,0,0,9,3,10,99,50,91,4,1,-1,1,-3,攻撃,5,火属性攻撃,3,回復量,-2,,,,,火竜の厚鱗,4,大竜玉,1,業炎袋,3,重竜骨,3
リオソウルＺヘルム,0,0,9,3,10,99,94,143,3,0,0,-2,-4,達人,2,体力,-3,聴覚保護,2,属性会心,2,,,蒼火竜の重殻,2,火竜の剛翼,1,火竜の天鱗,1,マボロシチョウ,3
リオソウルＺキャップ,0,0,9,3,10,99,51,92,4,1,1,-1,-3,達人,2,体力,-3,聴覚保護,3,属性会心,2,,,蒼火竜の重殻,2,火竜の剛翼,1,火竜の天鱗,1,マボロシチョウ,3
レックスＸヘルム,0,0,9,1,10,99,96,143,2,-1,-4,0,-2,攻撃,3,研ぎ師,-2,千里眼,4,食いしん坊,3,,,轟竜の厚鱗,2,轟竜の重牙,2,大竜玉,1,肉厚な厚皮,4
レックスＸキャップ,0,0,9,1,10,99,52,92,3,0,-3,1,-1,反動,-2,攻撃,3,千里眼,4,食いしん坊,4,,,轟竜の厚鱗,2,轟竜の重牙,2,大竜玉,1,肉厚な厚皮,4
レックスＺヘルム,0,0,9,0,10,99,97,144,2,-4,-2,0,-1,闘魂,3,聴覚保護,3,研ぎ師,-2,観察眼,3,食事,5,黒轟竜の重牙,3,轟竜の天鱗,1,轟竜のアギト,2,鎧竜の重殻,1
レックスＺキャップ,0,0,9,0,10,99,54,94,3,-3,-1,1,0,反動,-2,闘魂,3,聴覚保護,4,観察眼,3,食事,5,黒轟竜の重牙,3,轟竜の天鱗,1,轟竜のアギト,2,鎧竜の重殻,1
ジンオウＸヘルム,0,0,9,2,10,99,90,139,0,-2,3,-4,1,本気,2,斬れ味,3,根性,3,雷属性攻撃,3,気配,-2,雷狼竜の剛角,2,雷狼竜の雷電毛,4,雷狼竜の堅殻,3,大竜玉,1
ジンオウＸキャップ,0,0,9,2,10,99,49,90,1,-1,4,-3,2,装填速度,2,本気,3,根性,3,雷属性攻撃,3,気配,-2,雷狼竜の剛角,2,雷狼竜の雷電毛,4,雷狼竜の堅殻,3,大竜玉,1
ジンオウＺヘルム,0,0,9,2,10,99,94,143,0,-4,-5,0,4,回避性能,3,溜め短縮,2,無傷,1,龍属性攻撃,2,回復量,-2,獄狼竜の剛角,3,獄狼竜の滅龍毛,4,獄狼竜の重殻,3,コスモライト鉱石,3
ジンオウＺキャップ,0,0,9,2,10,99,51,92,1,-3,-4,1,5,回避性能,3,無傷,1,装填数,2,龍属性攻撃,2,回復量,-2,獄狼竜の剛角,3,獄狼竜の滅龍毛,4,獄狼竜の重殻,3,コスモライト鉱石,3
セルタスＸヘルム,0,0,9,2,10,99,96,143,-4,3,-1,-3,3,匠,1,砲術,4,斬れ味,3,気力回復,-2,,,重甲虫の重殻,6,重甲虫の重顎,3,重甲虫の断月尾,2,徹甲虫の剛角,1
セルタスＸキャップ,0,0,9,3,10,99,52,92,-3,4,0,-2,4,砲術,4,装填数,2,榴弾追加,1,気力回復,-2,,,重甲虫の重殻,6,重甲虫の重顎,3,重甲虫の断月尾,2,徹甲虫の剛角,1
セルタスＺヘルム,0,0,9,1,10,99,97,144,3,-1,-3,-4,3,斬れ味,-2,ガード強化,3,重撃,2,装填数,3,気力回復,3,砲甲虫の重殻,6,砲甲虫の重顎,3,砲甲虫の断月尾,2,斧甲虫の剛角,1
セルタスＺキャップ,0,0,9,1,10,99,54,94,4,0,-2,-3,4,重撃,2,納刀,3,散弾強化,3,榴弾追加,4,精密射撃,-2,砲甲虫の重殻,6,砲甲虫の重顎,3,砲甲虫の断月尾,2,斧甲虫の剛角,1
グラビドＸヘルム,0,0,9,1,10,99,96,143,3,-4,0,2,-3,匠,2,防御,5,ガード性能,3,ガード強化,1,スタミナ,-1,鎧竜の重殻,5,鎧竜の重頭殻,2,大竜玉,1,重竜骨,3
グラビドＸキャップ,0,0,9,1,10,99,52,92,4,-3,1,3,-2,反動,3,防御,5,ガード強化,1,スタミナ,-1,装填数,2,鎧竜の重殻,5,鎧竜の重頭殻,2,大竜玉,1,重竜骨,3
グラビドＺヘルム,0,0,9,2,10,99,97,144,3,-5,1,1,1,頑強,2,剣術,2,ガード強化,3,スタミナ,-3,,,黒鎧竜の重殻,5,黒鎧竜の重頭殻,1,大竜玉,1,マボロシチョウ,3
グラビドＺキャップ,0,0,9,2,10,99,54,94,4,-4,2,2,2,頑強,2,反動,2,ガード強化,3,スタミナ,-3,,,黒鎧竜の重殻,5,黒鎧竜の重頭殻,1,大竜玉,1,マボロシチョウ,3
ディアブロＸヘルム,0,0,9,2,10,99,96,143,2,0,0,-4,0,匠,2,抜刀会心,3,研ぎ師,-2,納刀,2,耐震,1,角竜の重殻,5,大地を穿つ剛角,1,大竜玉,1,イーオスの厚皮,4
ディアブロＸキャップ,0,0,9,2,10,99,53,93,3,1,1,-3,1,装填速度,3,納刀,2,装填数,2,貫通弾強化,1,精密射撃,-2,角竜の重殻,5,大地を穿つ剛角,1,大竜玉,1,イーオスの厚皮,4
ディアブロＺヘルム,0,0,9,1,10,99,98,145,4,0,0,-6,0,痛撃,2,攻撃,3,減気攻撃,2,KO,4,龍属性攻撃,-2,大地を穿つ剛角,2,黒角竜の重殻,4,大竜玉,1,飛甲虫の斬羽,3
ディアブロＺキャップ,0,0,9,1,10,99,54,94,5,1,1,-5,1,装填速度,3,反動,4,痛撃,3,通常弾強化,3,龍属性攻撃,-2,大地を穿つ剛角,2,黒角竜の重殻,4,大竜玉,1,飛甲虫の斬羽,3
ブラキＸヘルム,0,0,9,2,10,99,96,143,3,-4,0,-2,0,抜刀会心,1,闘魂,2,回避性能,-2,底力,3,爆弾強化,2,砕竜の重黒曜甲,3,砕竜の重頭殻,2,光る粘菌,3,真紅蓮石,4
ブラキＸキャップ,0,0,9,2,10,99,53,93,4,-3,1,-1,1,速射,1,闘魂,2,回避性能,-2,底力,4,爆弾強化,2,砕竜の重黒曜甲,3,砕竜の重頭殻,2,光る粘菌,3,真紅蓮石,4
バンギスＸヘルム,0,0,9,1,11,99,106,148,0,0,-4,1,-4,匠,3,攻撃,5,斬れ味,1,食事,4,腹減り,-2,恐暴竜の厚黒皮,4,恐暴竜の頭殻,2,太古龍骨,3,カワズの大殿油,1
バンギスＸキャップ,0,0,9,1,11,99,60,96,1,1,-3,2,-3,反動,1,攻撃,6,装填数,3,食事,3,腹減り,-2,恐暴竜の厚黒皮,4,恐暴竜の頭殻,2,太古龍骨,3,カワズの大殿油,1
ケイオスヘルム,1,0,9,1,11,99,106,148,-5,4,-3,2,-6,属性解放,3,攻撃,1,運気,-2,重撃,3,属性会心,4,相克の変異角,2,渾沌の竜鱗,4,黒蝕竜の厚鱗,4,大竜玉,1
ケイオスキャップ,1,0,9,1,11,99,60,96,-4,5,-2,3,-5,装填速度,3,攻撃,1,運気,-2,重撃,3,属性会心,4,相克の変異角,2,渾沌の竜鱗,4,黒蝕竜の厚鱗,4,大竜玉,1
ネフィリムヘルム,2,0,9,1,11,99,106,148,-5,4,-3,2,-6,属性解放,3,攻撃,1,運気,-2,重撃,3,属性会心,4,相克の変異角,2,渾沌の竜鱗,4,黒蝕竜の厚鱗,4,大竜玉,1
ネフィリムキャップ,2,0,9,1,11,99,60,96,-4,5,-2,3,-5,装填速度,3,攻撃,1,運気,-2,重撃,3,属性会心,4,相克の変異角,2,渾沌の竜鱗,4,黒蝕竜の厚鱗,4,大竜玉,1
ガルルガＸヘルム,0,0,9,1,10,99,95,142,3,-4,3,-4,1,達人,4,聴覚保護,3,斬れ味,1,,,,,黒狼鳥の銀狼毛,4,黒狼鳥の重殻,3,黒狼鳥の地獄耳,2,大竜玉,1
ガルルガＸキャップ,0,0,9,1,10,99,52,92,4,-3,4,-3,2,達人,4,聴覚保護,3,貫通弾強化,1,,,,,黒狼鳥の銀狼毛,4,黒狼鳥の重殻,3,黒狼鳥の地獄耳,2,大竜玉,1
モノブロＸヘルム,0,0,9,2,10,99,96,143,0,2,-3,-4,2,属性解放,2,達人,2,底力,1,千里眼,3,加護,-2,一角竜の重殻,5,堅牢な真紅の角,1,一角竜の重甲,3,真紅蓮石,3
モノブロＸキャップ,0,0,9,2,10,99,52,92,1,3,-2,-3,3,属性解放,2,達人,2,底力,2,千里眼,3,加護,-2,一角竜の重殻,5,堅牢な真紅の角,1,一角竜の重甲,3,真紅蓮石,3
モノデビルヘルム,0,0,9,3,10,99,100,145,0,2,-3,-4,2,匠,2,達人,2,底力,2,加護,-2,,,白一角竜の重甲,2,白一角竜の重殻,3,堅牢な白銀の角,1,真紅蓮石,1
モノデビルキャップ,0,0,9,3,10,99,55,94,1,3,-2,-3,3,達人,2,底力,2,装填数,2,加護,-2,,,白一角竜の重甲,2,白一角竜の重殻,3,堅牢な白銀の角,1,真紅蓮石,1
ゴアＸヘルム,0,0,9,0,10,99,95,142,-5,3,-3,2,-2,細菌学,3,匠,3,闘魂,4,属性攻撃,1,火耐性,-4,黒蝕竜の剛触角,2,黒蝕竜の厚鱗,4,大竜玉,1,マボロシチョウ,3
ゴアＸキャップ,0,0,9,0,10,99,52,92,-4,4,-2,3,-1,細菌学,3,闘魂,5,装填数,3,属性攻撃,1,火耐性,-3,黒蝕竜の剛触角,2,黒蝕竜の厚鱗,4,大竜玉,1,マボロシチョウ,3
ナルガＸヘルム,0,0,9,1,10,99,91,140,-2,1,-4,1,1,匠,2,回避性能,2,スタミナ,-2,回避距離,3,気配,1,迅竜の豪黒毛,5,イーオスの厚皮,5,翼蛇竜の特上皮,5,,
ナルガＸキャップ,0,0,9,1,10,99,50,91,-1,2,-3,2,2,回避性能,2,スタミナ,-2,回避距離,3,装填数,2,気配,1,迅竜の豪黒毛,5,イーオスの厚皮,5,翼蛇竜の特上皮,5,,
ラギアＸヘルム,0,0,9,2,10,99,93,142,-5,1,3,-1,-1,属性解放,3,抜刀会心,2,痛撃,1,特殊攻撃,-2,溜め短縮,1,海竜の厚鱗,4,海竜の雷電殻,2,水蛇竜の厚皮,3,水蛇竜の撥水甲,2
ラギアＸキャップ,0,0,9,2,10,99,51,92,-4,2,4,0,0,属性解放,2,痛撃,2,特殊攻撃,-2,溜め短縮,2,装填数,2,海竜の厚鱗,4,海竜の雷電殻,2,水蛇竜の厚皮,3,水蛇竜の撥水甲,2
ドボルＸヘルム,0,0,9,2,10,99,96,143,-4,2,1,-2,1,抜刀減気,3,攻撃,3,達人,-3,減気攻撃,1,逆境,3,尾槌竜の剛角,2,重竜骨,2,草食竜の重骨,3,ドボルストーン,1
ドボルＸキャップ,0,0,9,1,10,99,52,92,-3,3,2,-1,2,攻撃,4,達人,-2,溜め短縮,3,減気攻撃,2,逆境,4,尾槌竜の剛角,2,重竜骨,2,草食竜の重骨,3,ドボルストーン,1
ラヴァＸヘルム,0,0,9,2,10,99,98,145,2,-3,0,0,1,盾持,1,回復速度,2,気配,-2,燃鱗,1,,,溶岩竜の特上ビレ,1,溶岩竜の厚鱗,3,翼蛇竜の特上皮,2,,
ラヴァＸキャップ,0,0,9,2,10,99,54,94,3,-2,1,1,2,盾持,1,回復速度,2,気配,-2,燃鱗,2,,,溶岩竜の特上ビレ,1,溶岩竜の厚鱗,3,翼蛇竜の特上皮,2,,
アーティアＸヘルム,0,0,9,2,10,99,92,141,0,-3,-3,2,3,匠,2,研ぎ師,-3,気力回復,4,,,,,歪んだ破片,6,コスモライト鉱石,2,太古の破片,4,ピュアクリスタル,3
アーティアＸキャップ,0,0,9,2,10,99,50,91,1,-2,-2,3,4,装填速度,-3,装填数,3,精密射撃,4,,,,,歪んだ破片,6,コスモライト鉱石,2,太古の破片,4,ピュアクリスタル,3
ホークＸハット,1,0,9,2,11,99,106,148,2,-1,1,0,2,採取,3,納刀,3,狩人,1,指揮,3,腹減り,-3,旅団チケットＧ,2,大地の龍神玉,1,歪んだ破片,2,星石の結晶,2
ホークＸキャップ,1,0,9,2,11,99,60,96,3,0,2,1,3,採取,3,納刀,4,狩人,1,指揮,3,腹減り,-3,旅団チケットＧ,2,大地の龍神玉,1,歪んだ破片,2,星石の結晶,2
エコールＸフード,2,0,9,2,11,99,106,148,2,-1,1,0,2,採取,3,納刀,3,狩人,1,指揮,3,腹減り,-3,旅団チケットＧ,2,大地の龍神玉,1,歪んだ破片,2,星石の結晶,2
エコールＸキャップ,2,0,9,2,11,99,60,96,3,0,2,1,3,採取,3,納刀,4,狩人,1,指揮,3,腹減り,-3,旅団チケットＧ,2,大地の龍神玉,1,歪んだ破片,2,星石の結晶,2
エースヘッド,1,0,9,1,10,99,92,141,3,0,0,0,2,潔癖,2,斬れ味,3,裂傷,-3,,,,,筆頭チケット,2,千刃竜の鏡玉,1,骸蜘蛛の重殻,3,古龍の血,2
エースフェイス,1,0,9,1,10,99,50,91,4,1,1,1,3,潔癖,2,速射,3,裂傷,-3,,,,,筆頭チケット,2,千刃竜の鏡玉,1,骸蜘蛛の重殻,3,古龍の血,2
クイーンヘッド,2,0,9,1,10,99,92,141,3,0,0,0,2,潔癖,2,斬れ味,3,裂傷,-3,,,,,筆頭チケット,2,千刃竜の鏡玉,1,骸蜘蛛の重殻,3,古龍の血,2
クイーンフェイス,2,0,9,1,10,99,50,91,4,1,1,1,3,潔癖,2,速射,3,裂傷,-3,,,,,筆頭チケット,2,千刃竜の鏡玉,1,骸蜘蛛の重殻,3,古龍の血,2
ガーディアンＺヘルム,1,0,9,2,10,99,96,143,0,0,0,0,0,底力,-3,高速設置,2,乗り,2,節食,1,,,メランジェ鉱石,3,タツジンコインＧ,3,蟲のコイン,3,,
ガーディアンＺマスク,1,0,9,2,10,99,53,93,1,1,1,1,1,底力,-3,高速設置,3,乗り,2,節食,1,,,メランジェ鉱石,3,タツジンコインＧ,3,蟲のコイン,3,,
ヘルパーＺフード,2,0,9,2,10,99,96,143,0,0,0,0,0,底力,-3,高速設置,2,乗り,2,節食,1,,,メランジェ鉱石,3,タツジンコインＧ,3,蟲のコイン,3,,
ヒーラーＺベレー,2,0,9,2,10,99,53,93,1,1,1,1,1,底力,-3,高速設置,3,乗り,2,節食,1,,,メランジェ鉱石,3,タツジンコインＧ,3,蟲のコイン,3,,
Ｇ・ナイトＸフェザー,1,0,9,2,12,99,110,150,0,0,0,0,0,居合,3,剥ぎ取り,4,気配,-3,,,,,真紅蓮石,3,デンセツコインＧ,3,飛竜のコインＧ,3,,
Ｇ・ナイトＸマスク,1,0,9,2,12,99,64,97,1,1,1,1,1,剛撃,3,剥ぎ取り,5,気配,-3,,,,,真紅蓮石,3,デンセツコインＧ,3,飛竜のコインＧ,3,,
メイドＸカチューシャ,2,0,9,2,12,99,110,150,0,0,0,0,0,居合,3,剥ぎ取り,4,気配,-3,,,,,真紅蓮石,3,デンセツコインＧ,3,飛竜のコインＧ,3,,
プライベートＸグラス,2,0,9,2,12,99,64,97,1,1,1,1,1,剛撃,3,剥ぎ取り,5,気配,-3,,,,,真紅蓮石,3,デンセツコインＧ,3,飛竜のコインＧ,3,,
アイルーヘアバンドＸ,0,0,9,0,12,99,64,97,2,2,2,2,2,護石王,13,,,,,,,,,デンセツコインＧ,3,獣竜のコインＧ,5,ガマのコインＧ,5,ダイミョウコイン,3
アークＸヘルム,1,0,10,1,11,99,109,151,-4,4,0,3,-6,匠,2,本気,4,火耐性,-2,祈願,3,,,天廻龍の剛角,2,天廻龍の厚鱗,4,大竜玉,1,コスモライト鉱石,2
アークＸキャップ,1,0,10,2,11,99,63,98,-3,5,1,4,-5,本気,3,装填数,2,火耐性,-2,祈願,3,,,天廻龍の剛角,2,天廻龍の厚鱗,4,大竜玉,1,コスモライト鉱石,2
フィリアＸヘルム,2,0,10,1,11,99,109,151,-4,4,0,3,-6,匠,2,本気,4,火耐性,-2,祈願,3,,,天廻龍の剛角,2,天廻龍の厚鱗,4,大竜玉,1,コスモライト鉱石,2
フィリアＸキャップ,2,0,10,2,11,99,63,98,-3,5,1,4,-5,本気,3,装填数,2,火耐性,-2,祈願,3,,,天廻龍の剛角,2,天廻龍の厚鱗,4,大竜玉,1,コスモライト鉱石,2
斉天ノ添髪・真,0,0,10,3,11,99,106,148,2,1,3,-6,2,本気,2,闘魂,2,スタミナ,-1,雷属性攻撃,3,,,金獅子の剛角,2,黄金の煌毛,1,金獅子の黒荒毛,3,火竜の紅玉,1
仙師ノ添髪・真,0,0,10,3,11,99,60,96,3,2,4,-5,3,本気,2,闘魂,2,スタミナ,-1,雷属性攻撃,4,,,金獅子の剛角,2,黄金の煌毛,1,金獅子の黒荒毛,3,火竜の紅玉,1
怒天ノ添髪・真,0,0,10,2,11,99,108,150,2,1,4,-7,2,本気,3,闘魂,2,スタミナ,-2,属性攻撃,2,,,羅刹の金剛角,2,金獅子の怒髪天,3,金獅子の剛角,1,キリンの剛蒼角,3
心滅ノ添髪・真,0,0,10,2,11,99,62,98,3,2,5,-6,3,本気,3,闘魂,2,スタミナ,-2,属性攻撃,3,,,羅刹の金剛角,2,金獅子の怒髪天,3,金獅子の剛角,1,キリンの剛蒼角,3
クシャナＸアンク,0,0,10,2,11,99,109,151,-2,2,-5,5,-6,回避性能,2,溜め短縮,2,耐暑,1,毒,-2,属性会心,4,鋼龍の重殻,2,鋼龍の剛角,1,古龍の大宝玉,1,マボロシチョウ,2
クシャナＸスーラ,0,0,10,2,11,99,63,98,-1,3,-4,6,-5,回避性能,3,溜め短縮,2,耐暑,1,毒,-2,属性会心,4,鋼龍の重殻,2,鋼龍の剛角,1,古龍の大宝玉,1,マボロシチョウ,2
クジュラアンク,0,0,10,1,12,99,116,152,3,-6,2,6,-5,斬れ味,3,回避距離,3,無傷,3,体術,3,毒,-1,錆鋼の龍殻,2,銀嶺の冠,1,古龍の大宝玉,1,マボロシチョウ,2
クジュラスーラ,0,0,10,1,12,99,69,98,4,-5,3,7,-4,反動,3,回避距離,3,無傷,2,体術,3,毒,-1,錆鋼の龍殻,2,銀嶺の冠,1,古龍の大宝玉,1,マボロシチョウ,2
カイザーＸクラウン,0,0,10,2,11,99,109,151,4,-6,1,-2,-2,細菌学,3,属性解放,3,剣術,3,攻撃,2,耐寒,-1,炎王龍の剛角,2,獄炎の厚龍鱗,5,古龍の大宝玉,1,,
カイザーＸマスク,0,0,10,2,11,99,63,98,5,-5,2,-1,-1,細菌学,2,属性解放,3,装填速度,4,攻撃,2,耐寒,-1,炎王龍の剛角,2,獄炎の厚龍鱗,5,古龍の大宝玉,1,,
ミヅハ真【頬面】,0,0,10,1,11,99,109,151,-4,3,0,4,-1,匠,2,聴覚保護,5,特殊攻撃,1,風圧,4,耐暑,-2,霞龍の特上皮,3,霞龍の剛角,1,太古龍骨,3,大竜玉,2
トヨタマ真【烏帽子】,0,0,10,1,11,99,63,98,-3,4,1,5,0,聴覚保護,5,特殊攻撃,1,装填数,2,風圧,4,耐暑,-2,霞龍の特上皮,3,霞龍の剛角,1,太古龍骨,3,大竜玉,2
残陽・真【兜】,1,0,10,2,11,99,107,149,3,2,-4,3,-4,抜刀会心,2,不動,2,達人,2,砲術,3,底力,-3,豪山龍の重紅鱗,5,荒々しい龍剛角,4,豪山龍の重岩殻,5,メランジェ鉱石,2
東雲・真【兜】,1,0,10,2,11,99,61,97,4,3,-3,4,-3,装填速度,-3,速射,2,不動,2,達人,4,貫通弾強化,2,豪山龍の重紅鱗,5,荒々しい龍剛角,4,豪山龍の重岩殻,5,メランジェ鉱石,2
常磐・真【兜】,2,0,10,2,11,99,107,149,3,2,-4,3,-4,抜刀会心,2,不動,2,達人,2,砲術,3,底力,-3,豪山龍の重紅鱗,5,荒々しい龍剛角,4,豪山龍の重岩殻,5,メランジェ鉱石,2
八千代・真【兜】,2,0,10,2,11,99,61,97,4,3,-3,4,-3,装填速度,-3,速射,2,不動,2,達人,4,貫通弾強化,2,豪山龍の重紅鱗,5,荒々しい龍剛角,4,豪山龍の重岩殻,5,メランジェ鉱石,2
ゴグヘルム,0,0,10,1,12,99,110,152,-4,3,0,3,-7,強欲,3,達人,2,研ぎ師,-1,秘伝,2,,,巨戟龍の凶刃,2,巨戟龍の塞鱗,4,巨戟龍の城殻,2,ピュアクリスタル,2
マゴグキャップ,0,0,10,1,12,99,64,98,-3,4,1,4,-6,強欲,3,装填速度,-1,通常弾追加,4,射法,1,秘伝,2,巨戟龍の凶刃,2,巨戟龍の塞鱗,4,巨戟龍の城殻,2,ピュアクリスタル,2
リベリオンＺヘルム,0,0,10,0,12,99,112,152,3,3,-2,-2,-3,刀匠,3,状態耐性,2,属性解放,2,抜刀減気,3,達人,-3,蛇帝龍の厚尾鱗,4,蛇帝龍の睨眼,2,渦巻骨,4,天剣の龍神玉,1
ライオットＺキャップ,0,0,10,0,12,99,65,98,4,4,-1,-1,-2,射手,3,状態耐性,3,属性解放,2,速射,2,達人,-3,蛇帝龍の厚尾鱗,4,蛇帝龍の睨眼,2,渦巻骨,4,天剣の龍神玉,1
アカムトＸサクパケ,0,0,10,1,12,99,110,150,4,0,-3,2,-5,匠,1,達人,5,聴覚保護,2,斬れ味,-2,,,覇竜の重棘,3,覇竜の厚鱗,4,覇竜の重殻,6,轟竜の天鱗,1
アカムトＸサクイマキ,0,0,10,2,12,99,64,97,5,1,-2,3,-4,装填速度,-2,達人,5,聴覚保護,2,装填数,1,,,覇竜の重棘,3,覇竜の厚鱗,4,覇竜の重殻,6,轟竜の天鱗,1
ウカムルＸサクパケ,0,0,10,2,11,99,106,148,-5,0,-3,4,-2,剣術,1,匠,3,痛撃,4,加護,-3,耐震,2,崩竜の重削顎,3,崩竜の厚腹鱗,5,崩竜の重殻,6,特撰アルビノ,1
ウカムルＸサクイマキ,0,0,10,2,11,99,60,96,-4,1,-2,5,-1,装填速度,4,痛撃,4,装填数,3,加護,-3,,,崩竜の重削顎,3,崩竜の厚腹鱗,5,崩竜の重殻,6,特撰アルビノ,1
グリードＺヘルム,0,0,10,1,11,99,108,150,-1,-1,-3,-1,-1,匠,3,攻撃,5,食事,4,腹減り,-2,,,血戦の漆黒皮,4,恐暴竜の厚黒鱗,2,極悪な牙,4,太古龍骨,2
グリードＺキャップ,0,0,10,1,11,99,62,98,0,0,-2,0,0,攻撃,5,装填数,3,食事,4,腹減り,-2,,,血戦の漆黒皮,4,恐暴竜の厚黒鱗,2,極悪な牙,4,太古龍骨,2
エクスゼロＺヘルム,0,0,10,1,12,99,116,152,3,-5,2,-3,1,一心,3,攻撃,1,聴覚保護,5,研ぎ師,-2,食事,5,驚異の大爆心,1,大轟竜の重牙,2,大轟竜の厚鱗,2,古龍の大宝玉,1
エクスゼロＺキャップ,0,0,10,1,12,99,69,98,4,-4,3,-2,2,一心,4,反動,-2,攻撃,1,聴覚保護,5,食事,4,驚異の大爆心,1,大轟竜の重牙,2,大轟竜の厚鱗,2,古龍の大宝玉,1
ブラキウムヘルム,0,0,10,1,12,99,116,152,4,-3,0,-3,0,闘魂,4,底力,4,重撃,3,乗り,-1,剛腕,1,砕竜の弾頭殻,2,砕竜の重黒曜甲,3,臨界極まる粘菌,3,鎧竜の天殻,1
ブラキウムキャップ,0,0,10,1,12,99,69,98,5,-2,1,-2,1,闘魂,4,底力,4,重撃,3,乗り,-1,剛腕,2,砕竜の弾頭殻,2,砕竜の重黒曜甲,3,臨界極まる粘菌,3,鎧竜の天殻,1
ラースヘッド,0,0,10,2,12,99,120,156,2,-1,1,-3,-4,怒,3,攻撃,4,防御,-3,斬術,1,,,黒龍の魔神眼,3,黒龍の紅焔鱗,5,黒龍の紅焔角,2,覇導玉,1
ラースフェイス,0,0,10,2,12,99,72,101,3,0,2,-2,-5,怒,3,攻撃,4,防御,-3,裏稼業,1,,,黒龍の魔神眼,3,黒龍の紅焔鱗,5,黒龍の紅焔角,2,覇導玉,1
キリンＸホーン,0,0,10,2,11,99,98,145,-3,-3,5,-1,3,潔癖,1,属性解放,2,属性耐性,2,運気,-2,属性攻撃,2,キリンの特上皮,6,キリンの剛蒼角,3,キリンの靭雷尾,5,堅牢な真紅の角,3
キリンＸコルノ,0,0,10,2,11,99,54,94,-2,-2,6,0,4,潔癖,2,属性解放,2,属性耐性,2,運気,-2,属性攻撃,2,キリンの特上皮,6,キリンの剛蒼角,3,キリンの靭雷尾,5,堅牢な真紅の角,3
キリンＺホーン,0,0,10,2,11,99,99,146,-3,-3,-1,6,3,回避術,2,属性耐性,2,運気,-2,氷属性攻撃,3,属性攻撃,2,キリンの剛氷角,2,キリンの靭霜尾,2,キリンの特上皮,3,キリンの剛蒼角,5
キリンＺコルノ,0,0,10,2,11,99,55,95,-2,-2,0,7,4,回避術,2,属性耐性,2,運気,-2,氷属性攻撃,4,属性攻撃,2,キリンの剛氷角,2,キリンの靭霜尾,2,キリンの特上皮,3,キリンの剛蒼角,5
夜叉・真【御面】,0,0,10,2,11,99,110,152,2,2,0,-2,-2,剣術,2,属性耐性,2,底力,-2,根性,2,加護,3,太古の龍苔,3,浮岳龍のヒレ,2,大竜玉,1,,
修羅・真【御面】,0,0,10,2,11,99,64,99,3,4,2,-1,-1,属性耐性,2,底力,-2,根性,2,装填数,2,加護,3,太古の龍苔,3,浮岳龍のヒレ,2,大竜玉,1,,
大和・真【兜】,1,0,10,2,11,99,108,150,3,1,0,-4,-4,居合,2,達人,2,底力,-2,溜め短縮,2,,,神々しい龍牙,2,峯山龍の重岩殻,4,鎧竜の剛翼,2,,
陸奥・真【陣笠】,1,0,10,2,11,99,62,98,4,2,1,-3,-3,剛撃,2,装填速度,-2,反動,3,貫通弾強化,2,,,神々しい龍牙,2,峯山龍の重岩殻,4,鎧竜の剛翼,2,,
日向・真【鉢金】,2,0,10,2,11,99,108,150,3,1,0,-4,-4,居合,2,達人,2,底力,-2,溜め短縮,2,,,神々しい龍牙,2,峯山龍の重岩殻,4,鎧竜の剛翼,2,,
天城・真【陣笠】,2,0,10,2,11,99,62,98,4,2,1,-3,-3,剛撃,2,装填速度,-2,反動,3,貫通弾強化,2,,,神々しい龍牙,2,峯山龍の重岩殻,4,鎧竜の剛翼,2,,
エンプレスＸセクター,0,0,10,3,11,99,110,152,4,-2,1,-6,-2,達人,3,耐寒,-1,特殊会心,3,職工,2,,,炎妃龍の重殻,3,黒轟竜の剛爪,4,黒轟竜の厚鱗,3,古龍の大宝玉,1
エンプレスＸマスク,0,0,10,3,11,99,64,99,5,-1,2,-5,-1,達人,3,耐寒,-1,特殊会心,3,職工,2,,,炎妃龍の重殻,3,黒轟竜の剛爪,4,黒轟竜の厚鱗,3,古龍の大宝玉,1
ヘリオスＸヘルム,1,0,10,3,11,99,108,150,0,3,-2,1,-5,匠,2,聴覚保護,4,水属性攻撃,3,加護,-2,,,大海龍の鎧毛,2,深淵の龍玉,1,雌火竜の秘棘,1,,
ヘリオスＸキャップ,1,0,10,3,11,99,62,98,1,4,-1,2,-4,聴覚保護,4,装填数,2,水属性攻撃,3,加護,-2,,,大海龍の鎧毛,2,深淵の龍玉,1,雌火竜の秘棘,1,,
セレネＸヘルム,2,0,10,3,11,99,108,150,0,3,-2,1,-5,匠,2,聴覚保護,4,水属性攻撃,3,加護,-2,,,大海龍の鎧毛,2,深淵の龍玉,1,雌火竜の秘棘,1,,
セレネＸキャップ,2,0,10,3,11,99,62,98,1,4,-1,2,-4,聴覚保護,4,装填数,2,水属性攻撃,3,加護,-2,,,大海龍の鎧毛,2,深淵の龍玉,1,雌火竜の秘棘,1,,
EX暁丸【兜】,1,0,10,2,12,99,116,152,-2,2,0,2,-4,スタミナ,-1,重撃,2,加護,2,斬術,2,,,老山龍の重殻,4,老山龍の厚鱗,2,老山龍の天鱗,1,,
EX曙丸【烏帽子】,1,0,10,3,12,99,69,98,-1,3,1,3,-3,スタミナ,-1,重撃,2,加護,2,裏稼業,1,,,老山龍の重殻,4,老山龍の厚鱗,2,老山龍の天鱗,1,,
EX凛【鉢金】,2,0,10,2,12,99,116,152,-2,2,0,2,-4,スタミナ,-1,重撃,2,加護,2,斬術,2,,,老山龍の重殻,4,老山龍の厚鱗,2,老山龍の天鱗,1,,
EX艶【鉢金】,2,0,10,3,12,99,69,98,-1,3,1,3,-3,スタミナ,-1,重撃,2,加護,2,裏稼業,1,,,老山龍の重殻,4,老山龍の厚鱗,2,老山龍の天鱗,1,,
荒天【冠】,0,0,10,3,12,99,112,152,-3,4,0,0,-5,匠,1,水属性攻撃,2,食事,-3,属性会心,3,,,嵐龍の堅殻,5,嵐龍の飛膜,2,銀嶺の冠,3,古龍の大宝玉,1
蒼天【冠】,0,0,10,3,12,99,65,98,-2,5,0,0,-4,装填数,1,水属性攻撃,3,食事,-3,属性会心,3,,,嵐龍の堅殻,5,嵐龍の飛膜,2,銀嶺の冠,3,古龍の大宝玉,1
ミラアルマヘッド,0,0,10,3,12,99,116,152,4,0,-3,1,-7,本気,3,不動,2,攻撃,4,スタミナ,-2,,,煉黒龍の黒鱗,4,煉黒龍の灼熱核,2,太古龍骨,6,大地を穿つ剛角,1
ミラアルマフェイス,0,0,10,3,12,99,69,98,5,1,-2,2,-6,本気,4,不動,3,攻撃,2,スタミナ,-2,,,煉黒龍の黒鱗,4,煉黒龍の灼熱核,2,太古龍骨,6,大地を穿つ剛角,1
EXエスカドラワイズ,0,0,10,1,12,99,112,152,0,-2,0,0,-2,属性耐性,1,回避距離,2,気絶,-2,秘伝,3,,,瑠璃色の龍神玉,1,煌黒龍の凶爪,3,煌黒龍の天鱗,3,大竜玉,1
EXエスカドラサジェス,0,0,10,1,12,99,65,98,1,-1,1,1,-1,属性耐性,2,回避距離,2,気絶,-2,射法,1,,,瑠璃色の龍神玉,1,煌黒龍の凶爪,3,煌黒龍の天鱗,3,大竜玉,1
スターナイトヘルム,0,0,10,3,11,99,100,151,1,1,1,1,1,闘魂,3,乗り,3,斬術,2,,,,,スタジオＳパス,1,雷狼竜の剛角,3,千刃竜の断刀角,3,雷狼竜の天玉,1
スターナイトキャップ,0,0,10,3,11,99,55,97,2,2,2,2,2,闘魂,4,装填数,2,乗り,3,,,,,スタジオＳパス,1,雷狼竜の剛角,3,千刃竜の断刀角,3,雷狼竜の天玉,1
反逆王Ｊハット,0,1,10,0,11,99,100,151,-4,-4,-4,-4,-4,胴系統倍加,1,,,,,,,,,反逆Ｊチケット,1,大長老チケットＳ,3,炎王龍の剛角,2,太古龍骨,4
反逆王Ｊロジャー,0,2,10,0,11,99,55,97,-3,-3,-3,-3,-3,胴系統倍加,1,,,,,,,,,反逆Ｊチケット,1,大長老チケットＳ,3,炎王龍の剛角,2,太古龍骨,4
王者のヘッドギア,0,0,10,3,11,99,88,152,-2,-2,-2,-2,4,重撃,2,属性攻撃,-1,体術,2,剛腕,2,,,刃牙道の証,1,黄金の煌毛,2,金獅子の尻尾,1,大長老チケットＳ,2
強者のヘッドギア,0,0,10,3,11,99,47,100,-1,-1,-1,-1,5,重撃,2,属性攻撃,-1,体術,4,剛腕,2,,,刃牙道の証,1,黄金の煌毛,2,金獅子の尻尾,1,大長老チケットＳ,2
バリアスーツバイザー,1,0,10,2,11,99,116,152,3,3,3,3,-4,状態耐性,2,不動,2,腹減り,-4,,,,,モジュール機能,1,エルトライト鉱石,10,骸蜘蛛の重鋏角,5,骸蜘蛛の剛爪,3
バリアスーツスコープ,1,0,10,2,11,99,69,100,4,4,4,4,-3,状態耐性,2,不動,2,腹減り,-3,,,,,モジュール機能,1,エルトライト鉱石,10,骸蜘蛛の重鋏角,5,骸蜘蛛の剛爪,3
ゼロスーツフェイス,2,0,10,2,11,99,88,142,3,3,3,3,-4,回避術,2,防御,-4,気力回復,2,,,,,モジュール機能,1,コスモライト鉱石,4,骸蜘蛛の重鋏角,5,骸蜘蛛の剛爪,3
ゼロスーツマスク,2,0,10,2,11,99,47,92,4,4,4,4,-3,回避術,2,防御,-3,気力回復,2,,,,,モジュール機能,1,コスモライト鉱石,4,骸蜘蛛の重鋏角,5,骸蜘蛛の剛爪,3
混沌のパオ,0,0,10,0,9,99,40,92,2,2,2,2,2,特殊攻撃,10,特殊会心,4,,,,,,,ハンター急募告知,2,マヒダケ,10,マボロシチョウ,1,大長老チケット,1
ランポスフェイク,0,0,10,0,9,99,40,92,1,1,1,1,1,回避距離,10,,,,,,,,,フェイクカタログ,1,ドスランポスの頭,1,大長老チケット,1,,
ギアノスフェイク,0,0,10,0,9,99,40,92,0,2,2,3,-2,耐泥耐雪,10,,,,,,,,,フェイクカタログ,1,ドスランポスの頭,1,真珠色の艶皮,2,大長老チケット,1
ゲネポスフェイク,0,0,10,0,9,99,40,92,1,1,2,1,1,麻痺,10,,,,,,,,,フェイクカタログ,1,ドスゲネポスの頭,1,大長老チケット,1,,
モスフェイク,0,0,10,0,9,99,40,92,0,0,0,0,0,茸食,10,,,,,,,,,フェイクカタログ,1,大長老チケット,2,草食竜の重骨,3,,
ブルファンゴフェイク,0,0,10,0,9,99,40,92,0,0,2,2,1,腹減り,15,,,,,,,,,フェイクカタログ,1,大長老チケット,2,極上の毛皮,3,,
ガルルガフェイク,0,0,10,2,10,99,40,92,2,2,2,2,2,聴覚保護,10,加護,-3,,,,,,,フェイクカタログ,1,イカしたクチバシ,1,黒狼鳥の地獄耳,2,真紅蓮石,1
アイルーフェイク,0,0,10,0,9,99,40,92,2,2,2,0,2,爆弾強化,10,盗み無効,4,,,,,,,フェイクカタログ,1,肉球のスタンプ,3,なぞの頭骨,1,大長老チケット,1
どんぐりヘルム,0,0,10,0,9,99,40,92,2,2,0,-2,0,砲術,10,爆弾強化,4,,,,,,,ハンター急募告知,2,オトモチケット,1,大長老チケット,1,,
有難ネコ迷惑,0,0,10,0,11,99,40,92,2,2,2,2,2,底力,13,,,,,,,,,英雄の証,2,肉球のスタンプ,2,マタタビ,20,大長老チケット,1
Ｇ・ルナＺヘルム,0,0,10,3,11,99,108,150,2,-4,-7,0,4,運気,3,重撃,1,雷耐性,-2,加護,1,,,金火竜の秘棘,3,金火竜の重殻,5,煌炎の雫,3,業炎袋,3
Ｇ・ルナＺキャップ,0,0,10,3,11,99,62,98,3,-3,-6,1,5,運気,3,重撃,2,雷耐性,-2,加護,2,,,金火竜の秘棘,3,金火竜の重殻,5,煌炎の雫,3,業炎袋,3
Ｓ・ソルＺヘルム,0,0,10,1,11,99,108,150,2,-7,-4,0,4,痛撃,2,達人,2,斬れ味,3,火属性攻撃,6,回復量,-3,銀火竜の厚鱗,5,大竜玉,1,煌炎の雫,3,ピュアクリスタル,1
Ｓ・ソルＺキャップ,0,0,10,1,11,99,62,98,3,-6,-3,1,5,痛撃,3,達人,2,貫通弾強化,2,火属性攻撃,6,回復量,-3,銀火竜の厚鱗,5,大竜玉,1,煌炎の雫,3,ピュアクリスタル,1
リベリオンＸヘルム,0,0,10,1,12,99,110,152,3,3,-2,-2,-3,怒,2,盾持,3,攻撃,-2,,,,,蛇王龍の厚尾鱗,4,蛇王龍の睨眼,2,渦巻骨,4,天剣の龍神玉,1
ライオットＸキャップ,0,0,10,1,12,99,64,98,4,4,-1,-1,-2,怒,2,回避術,3,攻撃,-2,,,,,蛇王龍の厚尾鱗,4,蛇王龍の睨眼,2,渦巻骨,4,天剣の龍神玉,1
ドラゴンＸヘッド,0,0,10,2,12,99,118,154,-3,2,2,-1,-6,剛撃,2,斬れ味,1,納刀,2,溜め短縮,-3,,,黒龍の邪眼,2,黒龍の厚鱗,4,黒龍の剛角,4,鎧竜の天殻,1
ドラゴンＸフェイス,0,0,10,2,12,99,71,100,-2,3,3,0,-5,剛撃,2,納刀,2,溜め短縮,-3,貫通弾強化,1,,,黒龍の邪眼,2,黒龍の厚鱗,4,黒龍の剛角,4,鎧竜の天殻,1
ミラルーツヘッド,0,0,10,0,12,99,120,156,-2,2,2,-1,-7,刀匠,3,運気,-3,達人,6,無傷,1,体術,2,祖龍の霊眼,3,祖龍の厚白鱗,5,祖龍の剛角,2,千刃竜の鏡玉,1
ミラルーツフェイス,0,0,10,0,12,99,72,101,-1,3,3,0,-6,射手,3,運気,-3,達人,6,無傷,2,体術,2,祖龍の霊眼,3,祖龍の厚白鱗,5,祖龍の剛角,2,千刃竜の鏡玉,1
GXハンターカスク,0,0,10,3,12,99,120,156,0,1,-3,0,0,研ぎ師,-4,納刀,6,,,,,,,狩人チケット,1,奇猿狐の地獄耳,3,奇猿狐の豪剛毛,6,大長老チケットＳ,2
GXハンターコイフ,0,0,10,3,12,99,72,101,1,2,-2,1,1,装填速度,-4,反動,6,,,,,,,狩人チケット,1,奇猿狐の地獄耳,3,奇猿狐の豪剛毛,6,大長老チケットＳ,2
GXグリードカスク,0,0,10,0,12,99,100,151,-5,-5,-5,-5,-5,痛撃,3,剥ぎ取り,4,運気,4,達人,-4,,,強欲チケット,2,血戦の漆黒皮,5,恐暴竜の厚黒皮,8,古龍の大宝玉,1
GXグリードコイフ,0,0,10,0,12,99,55,97,-4,-4,-4,-4,-4,痛撃,2,剥ぎ取り,4,運気,4,達人,-3,,,強欲チケット,2,血戦の漆黒皮,5,恐暴竜の厚黒皮,8,古龍の大宝玉,1
GX荒天【光冠】,0,0,10,3,12,99,88,152,-3,4,0,0,-5,匠,1,回避性能,4,体力,-2,回避距離,2,,,嵐龍チケット,1,巨戟龍の城殻,4,巨戟龍の荊棘尾,2,大長老チケットＳ,3
GX蒼天【光冠】,0,0,10,3,12,99,47,100,-2,5,0,0,-4,回避性能,4,体力,-2,回避距離,2,装填数,1,,,嵐龍チケット,1,巨戟龍の城殻,4,巨戟龍の荊棘尾,2,大長老チケットＳ,3
GXミラバルＺカスク,0,0,10,1,12,99,110,152,2,-1,1,-3,-7,刀匠,2,根性,3,体術,-4,秘伝,2,,,紅龍チケット,1,黒龍の魔神眼,4,千刃竜の鏡玉,1,古龍の大宝玉,1
GXミラバルＺコイフ,0,0,10,1,12,99,64,98,3,0,2,-2,-6,射手,2,根性,3,体術,-4,裏稼業,2,,,紅龍チケット,1,黒龍の魔神眼,4,千刃竜の鏡玉,1,古龍の大宝玉,1
レイジのヘルム,1,0,10,0,12,99,110,150,3,2,2,2,-5,強欲,5,痛撃,2,達人,5,斬れ味,-1,,,女神の抱擁,3,金獅子の黒荒毛,3,相克の変異角,3,獄炎石,2
レイジのキャップ,1,0,10,0,12,99,65,98,4,3,3,3,-4,強欲,5,装填速度,-1,砲術,5,KO,2,,,女神の抱擁,3,金獅子の黒荒毛,3,相克の変異角,3,獄炎石,2
アナトのヘルム,2,0,10,0,12,99,110,150,3,2,2,2,-5,強欲,5,痛撃,2,達人,5,斬れ味,-1,,,女神の抱擁,3,金獅子の黒荒毛,3,相克の変異角,3,獄炎石,2
アナトのキャップ,2,0,10,0,12,99,65,98,4,3,3,3,-4,強欲,5,装填速度,-1,砲術,5,KO,2,,,女神の抱擁,3,金獅子の黒荒毛,3,相克の変異角,3,獄炎石,2
職工の眼鏡,0,0,9,0,12,99,64,97,3,3,3,3,3,職工,10,,,,,,,,,※Ｇ級闘技大会,1,,,,,,
増幅の羽飾り,0,0,9,0,10,99,53,93,0,0,0,0,0,増幅,6,,,,,,,,,※Ｇ級闘技大会,1,,,,,,
鷹見のピアス,0,0,7,0,7,99,34,81,0,0,0,0,0,千里眼,15,,,,,,,,,※イベントクエスト,1,,,,,,
剣聖のピアス,0,0,9,0,12,99,64,97,0,0,0,0,0,剣術,10,,,,,,,,,※Ｇ級闘技大会,1,,,,,,
増弾のピアス,0,0,9,0,12,99,64,97,0,0,0,0,0,装填数,10,,,,,,,,,※Ｇ級闘技大会,1,,,,,,
