#名前,"性別(0=両,1=男,2=女)","タイプ(0=両方,1=剣士,2=ガンナー)",レア度,スロット数,入手時期／集☆（99=集入手不可）,入手時期／村☆（99=村入手不可）,初期防御力,最終防御力,火耐性,水耐性,雷耐性,氷耐性,龍耐性,スキル系統1,スキル値1,スキル系統2,スキル値2,スキル系統3,スキル値3,スキル系統4,スキル値4,スキル系統5,スキル値5,生産素材1,個数,生産素材2,個数,生産素材3,個数,生産素材4,個数
レザーパンツ,0,0,1,0,1,1,1,71,-1,0,0,0,1,採取,1,気まぐれ,3,,,,,,,暖かい毛皮,2,,,,,,
ブレイブパンツ,0,0,1,0,1,1,1,71,2,0,0,0,1,体力,-2,回復速度,2,乗り,4,,,,,竜骨【小】,1,,,,,,
チェーンパンツ,0,0,1,1,1,1,4,73,2,1,-2,1,0,体力,2,腹減り,2,,,,,,,鉄鉱石,2,暖かい毛皮,1,,,,
ハンターグリーヴ,0,1,1,0,1,1,6,112,0,1,-3,0,0,調合成功率,1,狩人,3,毒,-2,,,,,鉄鉱石,1,大地の結晶,1,竜骨【小】,2,,
ハンターレギンス,0,2,1,0,1,1,3,72,1,2,-2,1,1,調合成功率,1,狩人,3,毒,-2,,,,,鉄鉱石,1,大地の結晶,1,竜骨【小】,2,,
ボーングリーヴ,0,1,1,1,1,3,7,113,1,0,-1,-2,0,KO,2,笛,4,,,,,,,なぞの骨,2,竜骨【中】,1,とがった牙,1,,
ボーンレギンス,0,2,1,1,1,3,4,73,2,1,0,-1,1,KO,2,笛,4,,,,,,,なぞの骨,2,竜骨【中】,1,とがった牙,1,,
アロイグリーヴ,0,1,1,0,1,1,8,114,-1,1,-2,-1,0,胴系統倍加,1,,,,,,,,,マカライト鉱石,4,大地の結晶,2,鉄鉱石,2,,
アロイレギンス,0,2,1,0,1,1,4,73,0,2,-1,0,1,胴系統倍加,1,,,,,,,,,マカライト鉱石,4,大地の結晶,2,鉄鉱石,2,,
ロックラックブーツ,0,0,1,2,1,2,5,73,2,-3,1,0,0,耐暑,2,運搬,5,,,,,,,鋼のたまご,1,モンスターの体液,1,ジャギィの鱗,3,,
ブナハブーツ,0,1,2,0,1,2,10,116,-4,-1,2,-1,2,攻撃,-1,特殊攻撃,3,納刀,2,麻痺,2,,,飛甲虫の甲殻,2,飛甲虫の羽,3,雷光虫,2,のりこねバッタ,2
ブナハフット,0,2,2,0,1,2,5,73,-3,0,3,0,3,攻撃,-1,特殊攻撃,3,納刀,1,麻痺,2,,,飛甲虫の甲殻,2,飛甲虫の羽,3,雷光虫,2,のりこねバッタ,2
リノプログリーヴ,0,1,2,0,1,3,8,114,1,-1,-1,-1,1,KO,3,気絶,-1,耐泥耐雪,3,,,,,草食竜の甲殻,2,竜骨【小】,4,鉄鉱石,2,,
リノプロレギンス,0,2,2,0,1,3,4,73,2,0,0,0,2,KO,2,気絶,-1,耐泥耐雪,3,,,,,草食竜の甲殻,2,竜骨【小】,4,鉄鉱石,2,,
ガブラスーツフット,0,1,2,3,3,99,15,117,1,-2,2,1,-3,属性解放,1,属性耐性,-2,毒,1,,,,,縞模様の皮,5,火竜の翼膜,2,キラビートル,2,蟲のコイン,1
ガブラスーツタイツ,0,2,2,3,3,99,8,74,2,-1,3,2,-2,属性解放,1,属性耐性,-2,毒,1,,,,,縞模様の皮,5,火竜の翼膜,2,キラビートル,2,蟲のコイン,1
ジャギィグリーヴ,0,1,2,1,1,2,10,116,-2,0,0,0,1,研ぎ師,2,効果持続,-1,気絶,3,,,,,ジャギィの皮,4,ジャギィの鱗,3,竜骨【小】,4,マカライト鉱石,2
ジャギィレギンス,0,2,2,1,1,2,5,73,-1,1,1,1,2,装填速度,2,効果持続,-1,気絶,3,,,,,ジャギィの皮,4,ジャギィの鱗,3,竜骨【小】,4,マカライト鉱石,2
ゲネポスグリーヴ,0,1,2,1,2,3,12,116,1,1,-2,-3,2,特殊攻撃,1,麻痺,2,,,,,,,ドスゲネポスの皮,2,ゲネポスの鱗,2,鉄鉱石,4,,
ゲネポスレギンス,0,2,2,1,2,3,6,73,2,2,-1,-2,3,特殊攻撃,1,麻痺,2,,,,,,,ドスゲネポスの皮,2,ゲネポスの鱗,2,鉄鉱石,4,,
イーオスグリーヴ,0,1,2,0,3,5,15,117,0,-3,-3,2,2,胴系統倍加,1,,,,,,,,,イーオスの皮,2,イーオスの鱗,4,竜骨【小】,3,鉄鉱石,2
イーオスレギンス,0,2,2,0,3,5,8,74,1,-2,-2,3,3,胴系統倍加,1,,,,,,,,,イーオスの皮,2,イーオスの鱗,4,竜骨【小】,3,鉄鉱石,2
ウルクグリーヴ,0,1,2,2,2,4,15,117,-2,2,-1,2,2,回避距離,2,耐暑,-1,耐寒,1,,,,,白兎獣の毛,2,白兎獣の腹甲,2,白兎獣の氷爪,1,のりこねバッタ,8
ウルクレギンス,0,2,2,2,2,4,8,74,-1,3,0,3,3,回避距離,2,耐暑,-1,耐寒,1,,,,,白兎獣の毛,2,白兎獣の腹甲,2,白兎獣の氷爪,1,のりこねバッタ,8
ケチャグリーヴ,0,1,2,0,1,3,14,116,-3,2,-2,0,2,運気,-1,水属性攻撃,1,気まぐれ,4,,,,,奇猿狐の尻尾,1,奇猿狐の長骨,2,奇猿狐の毛,2,雷光虫,2
ケチャレギンス,0,2,2,0,1,3,7,74,-2,3,-1,1,3,運気,-1,水属性攻撃,1,気まぐれ,4,,,,,奇猿狐の尻尾,1,奇猿狐の長骨,2,奇猿狐の毛,2,雷光虫,2
コンガグリーヴ,0,1,2,1,2,3,14,116,-3,1,1,-1,2,細菌学,2,食いしん坊,2,腹減り,-2,,,,,コンガの毛,4,徹甲虫の甲殻,2,大きな骨,1,マカライト鉱石,2
コンガレギンス,0,2,2,1,2,3,7,74,-2,2,2,0,3,細菌学,2,食いしん坊,2,腹減り,-2,,,,,コンガの毛,4,徹甲虫の甲殻,2,大きな骨,1,マカライト鉱石,2
ゲリョスグリーヴ,0,1,2,1,1,3,14,116,-4,1,2,-2,0,スタミナ,3,腹減り,-2,毒,1,,,,,ゴム質の皮,3,大地の結晶,2,ゲネポスの皮,3,,
ゲリョスレギンス,0,2,2,1,1,3,7,74,-3,2,3,-1,1,スタミナ,3,腹減り,-2,毒,1,,,,,ゴム質の皮,3,大地の結晶,2,ゲネポスの皮,3,,
カブラグリーヴ,0,1,2,0,1,3,16,118,2,-3,-2,0,1,胴系統倍加,1,,,,,,,,,鬼蛙の爪,2,鬼蛙の甲殻,3,草食竜の甲殻,2,大地の結晶,3
カブラレギンス,0,2,2,0,1,3,8,74,3,-2,-1,1,2,胴系統倍加,1,,,,,,,,,鬼蛙の爪,2,鬼蛙の甲殻,3,草食竜の甲殻,2,大地の結晶,3
スキュラグリーヴ,0,1,2,2,2,4,19,121,-2,2,-2,1,2,観察眼,2,腹減り,-2,高速設置,1,睡眠,2,,,影蜘蛛の甲殻,3,睡眠袋,1,ゴム質の皮,2,とがった牙,4
スキュラレギンス,0,2,2,2,2,4,9,75,-1,3,-1,2,3,観察眼,2,腹減り,-2,高速設置,1,睡眠,2,,,影蜘蛛の甲殻,3,睡眠袋,1,ゴム質の皮,2,とがった牙,4
ザボアグリーヴ,0,1,2,1,2,4,20,122,-2,2,-3,2,0,体力,3,氷属性攻撃,2,肉食,1,腹減り,-2,,,化け鮫の鱗,2,化け鮫の皮,4,化け鮫のヒレ,1,鮫肌の鱗,2
ザボアレギンス,0,2,2,1,2,4,10,76,-1,3,-2,3,1,体力,3,氷属性攻撃,2,肉食,1,腹減り,-2,,,化け鮫の鱗,2,化け鮫の皮,4,化け鮫のヒレ,1,鮫肌の鱗,2
ガララグリーヴ,0,1,2,1,2,4,20,122,1,-2,0,-4,1,捕獲,3,聴覚保護,1,気まぐれ,-2,麻痺,2,,,絞蛇竜の皮,3,絞蛇竜の甲殻,3,絞蛇竜の牙,3,垂皮竜の皮,3
ガララレギンス,0,2,2,1,2,4,10,76,2,-1,1,-3,2,捕獲,3,聴覚保護,1,気まぐれ,-2,麻痺,2,,,絞蛇竜の皮,3,絞蛇竜の甲殻,3,絞蛇竜の牙,3,垂皮竜の皮,3
フルフルグリーヴ,0,1,2,1,2,4,19,121,-4,1,1,2,1,雷属性攻撃,3,回復量,3,気絶,-2,,,,,ブヨブヨした皮,2,マカライト鉱石,2,肉厚な皮,3,,
フルフルレギンス,0,2,2,1,2,4,10,76,-3,2,2,3,2,雷属性攻撃,3,回復量,3,気絶,-2,,,,,ブヨブヨした皮,2,マカライト鉱石,2,肉厚な皮,3,,
レイアグリーヴ,0,1,2,2,2,4,19,121,2,0,-2,0,-3,体力,2,火属性攻撃,1,回復速度,-2,,,,,雌火竜の甲殻,3,雌火竜の鱗,4,竜骨【大】,3,ライトクリスタル,1
レイアレギンス,0,2,2,2,2,4,10,76,3,1,-1,1,-2,体力,2,火属性攻撃,1,回復速度,-2,,,,,雌火竜の甲殻,3,雌火竜の鱗,4,竜骨【大】,3,ライトクリスタル,1
ランポスグリーヴ,0,1,2,1,1,2,13,117,0,0,0,-4,2,攻撃,3,気絶,3,,,,,,,ランポスの皮,2,ランポスの鱗,3,竜骨【小】,4,鉄鉱石,4
ランポスレギンス,0,2,2,1,1,2,7,74,1,1,1,-3,3,攻撃,3,気絶,3,,,,,,,ランポスの皮,2,ランポスの鱗,3,竜骨【小】,4,鉄鉱石,4
クックグリーヴ,0,1,2,2,1,2,16,118,2,-1,-2,-3,2,攻撃,2,聴覚保護,-2,スタミナ,1,,,,,怪鳥の耳,2,怪鳥の甲殻,2,怪鳥の翼膜,2,ランポスの皮,2
クックレギンス,0,2,2,2,1,2,8,74,3,0,-1,-2,3,攻撃,2,聴覚保護,-2,スタミナ,1,,,,,怪鳥の耳,2,怪鳥の甲殻,2,怪鳥の翼膜,2,ランポスの皮,2
バサルグリーヴ,0,1,2,1,2,3,18,120,0,-2,1,1,-3,耐暑,3,毒,2,麻痺,-1,睡眠,2,,,岩竜の甲殻,3,マカライト鉱石,5,毒袋,3,ゲネポスの皮,5
バサルレギンス,0,2,2,1,2,3,9,75,1,-1,2,2,-2,耐暑,3,毒,2,麻痺,-1,睡眠,2,,,岩竜の甲殻,3,マカライト鉱石,5,毒袋,3,ゲネポスの皮,5
アシラグリーヴ,0,1,2,0,99,3,13,117,-2,1,0,-1,1,胴系統倍加,1,,,,,,,,,青熊獣の毛,2,飛甲虫の甲殻,2,光蟲,1,,
アシラレギンス,0,2,2,0,99,3,7,74,-1,2,1,0,2,胴系統倍加,1,,,,,,,,,青熊獣の毛,2,飛甲虫の甲殻,2,光蟲,1,,
ルドロスグリーヴ,0,1,2,1,99,3,15,117,-3,2,-1,-1,1,スタミナ,2,水属性攻撃,2,雷耐性,-1,耐暑,2,,,水獣の爪,2,ランポスの鱗,3,海綿質の皮,2,のりこねバッタ,3
ルドロスレギンス,0,2,2,1,99,3,7,74,-2,3,0,0,2,スタミナ,2,水属性攻撃,2,雷耐性,-1,耐暑,2,,,水獣の爪,2,ランポスの鱗,3,海綿質の皮,2,のりこねバッタ,3
ボロスグリーヴ,0,1,2,1,99,4,18,120,4,-4,1,-2,0,攻撃,3,防御,2,ガード性能,1,腹減り,-2,,,土砂竜の甲殻,2,竜骨【大】,2,草食竜の甲殻,3,,
ボロスレギンス,0,2,2,1,99,4,8,74,5,-3,2,-1,1,攻撃,3,防御,2,精密射撃,1,腹減り,-2,,,土砂竜の甲殻,2,竜骨【大】,2,草食竜の甲殻,3,,
ハプルグリーヴ,0,1,2,0,99,5,21,123,2,0,-2,-4,1,納刀,3,食事,3,,,,,,,潜口竜の皮,3,モンスターの体液,3,草食竜の甲殻,3,,
ハプルレギンス,0,2,2,0,99,5,10,76,3,1,-1,-3,2,納刀,3,食事,3,,,,,,,潜口竜の皮,3,モンスターの体液,3,草食竜の甲殻,3,,
ギザミグリーヴ,0,1,2,2,99,5,21,123,1,2,-1,-1,0,斬れ味,4,研ぎ師,2,,,,,,,鎌蟹の甲殻,2,マカライト鉱石,3,キラビートル,1,,
ギザミレギンス,0,2,2,1,99,5,10,76,2,3,0,0,1,防御,-1,貫通弾強化,2,貫通弾追加,1,精密射撃,1,,,鎌蟹の甲殻,2,マカライト鉱石,3,キラビートル,1,,
ハイメタグリーヴ,0,1,2,1,2,4,14,116,-2,-2,3,-1,0,砲術,4,体力,2,スタミナ,-1,,,,,ドラグライト鉱石,3,マカライト鉱石,2,鉄鉱石,3,ランポスの鱗,3
ハイメタレギンス,0,2,2,1,2,4,7,74,-1,-1,4,0,1,砲術,4,体力,2,スタミナ,-1,,,,,ドラグライト鉱石,3,マカライト鉱石,2,鉄鉱石,3,ランポスの鱗,3
バトルグリーヴ,0,1,2,1,3,5,14,116,2,-2,-2,-1,0,攻撃,4,聴覚保護,-1,研ぎ師,2,,,,,縞模様の皮,1,暖かい毛皮,1,イーオスの鱗,5,大地の結晶,3
バトルレギンス,0,2,2,1,3,5,7,74,3,-1,-1,0,1,装填速度,2,攻撃,4,聴覚保護,-1,,,,,縞模様の皮,1,暖かい毛皮,1,イーオスの鱗,5,大地の結晶,3
ゴアグリーヴ,0,1,3,2,3,5,21,123,-4,2,-3,1,-2,細菌学,1,闘魂,3,火耐性,-3,,,,,黒蝕竜の甲殻,3,黒蝕竜の鱗,1,黒蝕竜の逆鱗,1,翼蛇竜の皮,5
ゴアレギンス,0,2,3,2,3,5,11,77,-3,3,-2,2,-1,細菌学,1,闘魂,3,火耐性,-3,,,,,黒蝕竜の甲殻,3,黒蝕竜の鱗,1,黒蝕竜の逆鱗,1,翼蛇竜の皮,5
レウスグリーヴ,0,1,3,1,3,5,23,125,2,0,-2,0,-3,攻撃,3,火属性攻撃,1,回復量,-2,,,,,火竜の甲殻,3,火竜の鱗,4,火炎袋,2,ドラグライト鉱石,3
レウスレギンス,0,2,3,1,3,5,12,78,3,1,-1,1,-2,攻撃,3,火属性攻撃,1,回復量,-2,,,,,火竜の甲殻,3,火竜の鱗,4,火炎袋,2,ドラグライト鉱石,3
レックスグリーヴ,0,1,3,2,3,5,22,124,2,-1,-4,0,-2,攻撃,2,研ぎ師,-2,食いしん坊,2,,,,,轟竜の鱗,4,轟竜の爪,5,轟竜の甲殻,3,狗竜の皮,3
レックスレギンス,0,2,3,2,3,5,11,77,3,0,-3,1,-1,反動,-2,攻撃,2,食いしん坊,2,,,,,轟竜の鱗,4,轟竜の爪,5,轟竜の甲殻,3,狗竜の皮,3
ジンオウグリーヴ,0,1,3,2,3,5,21,123,0,-2,2,-4,1,本気,1,雷属性攻撃,3,気配,-2,,,,,雷狼竜の蓄電殻,3,雷狼竜の甲殻,3,雷狼竜の爪,3,超電雷光虫,3
ジンオウレギンス,0,2,3,0,3,5,10,76,1,-1,3,-3,2,本気,1,雷属性攻撃,3,気配,-2,,,,,雷狼竜の蓄電殻,3,雷狼竜の甲殻,3,雷狼竜の爪,3,超電雷光虫,3
セルタスグリーヴ,0,1,3,1,3,5,21,123,-3,2,-1,-2,2,捕獲,3,砲術,1,斬れ味,2,気力回復,-2,,,重甲虫の爪,2,重甲虫の胸殻,4,重甲エキス,1,とがった牙,4
セルタスレギンス,0,2,3,1,3,5,10,76,-2,3,0,-1,3,砲術,1,装填数,3,榴弾追加,2,気力回復,-2,,,重甲虫の爪,2,重甲虫の胸殻,4,重甲エキス,1,とがった牙,4
グラビドグリーヴ,0,1,3,1,3,5,23,125,2,-3,0,1,-2,防御,3,ガード性能,2,スタミナ,-2,,,,,鎧竜の甲殻,5,火炎袋,3,上竜骨,2,ドスイーオスの皮,2
グラビドレギンス,0,2,3,1,3,5,12,78,3,-2,1,2,-1,反動,2,防御,3,スタミナ,-2,,,,,鎧竜の甲殻,5,火炎袋,3,上竜骨,2,ドスイーオスの皮,2
ブラキグリーヴ,0,1,3,1,3,6,22,124,2,-4,0,-2,0,闘魂,2,回避性能,-2,爆弾強化,3,,,,,砕竜の甲殻,4,なぞの粘菌,2,砕竜の拳,2,ドラグライト鉱石,5
ブラキレギンス,0,2,3,1,3,6,11,77,3,-3,1,-1,1,闘魂,1,回避性能,-2,爆弾強化,2,,,,,砕竜の甲殻,4,なぞの粘菌,2,砕竜の拳,2,ドラグライト鉱石,5
残陽【具足】,1,1,3,0,4,6,26,126,2,1,-3,2,-3,抜刀減気,3,達人,4,底力,-3,スタミナ,1,,,豪山龍の紅鱗,5,豪山龍の甲岩殻,6,ドラグライト鉱石,5,豪龍岩,3
東雲【袴】,1,2,3,0,4,6,13,78,3,2,-2,3,-2,装填速度,-3,スタミナ,2,無傷,3,貫通弾強化,3,,,豪山龍の紅鱗,5,豪山龍の甲岩殻,6,ドラグライト鉱石,5,豪龍岩,3
常磐【具足】,2,1,3,0,4,6,26,126,2,1,-3,2,-3,抜刀減気,3,達人,4,底力,-3,スタミナ,1,,,豪山龍の紅鱗,5,豪山龍の甲岩殻,6,ドラグライト鉱石,5,豪龍岩,3
八千代【袴】,2,2,3,0,4,6,13,78,3,2,-2,3,-2,装填速度,-3,スタミナ,2,無傷,3,貫通弾強化,3,,,豪山龍の紅鱗,5,豪山龍の甲岩殻,6,ドラグライト鉱石,5,豪龍岩,3
アークグリーヴ,1,1,3,2,7,6,24,126,-3,3,0,1,-5,匠,3,本気,3,火耐性,-3,狂撃耐性,1,,,天廻龍の甲殻,3,天廻龍の鱗,1,天廻龍の逆鱗,1,上竜骨,4
アークレギンス,1,2,3,2,7,6,12,78,-2,4,1,2,-4,本気,3,装填数,3,火耐性,-3,狂撃耐性,1,,,天廻龍の甲殻,3,天廻龍の鱗,1,天廻龍の逆鱗,1,上竜骨,4
フィリアグリーヴ,2,1,3,2,7,6,24,126,-3,3,0,1,-5,匠,3,本気,3,火耐性,-3,狂撃耐性,1,,,天廻龍の甲殻,3,天廻龍の鱗,1,天廻龍の逆鱗,1,上竜骨,4
フィリアレギンス,2,2,3,2,7,6,12,78,-2,4,1,2,-4,本気,3,装填数,3,火耐性,-3,狂撃耐性,1,,,天廻龍の甲殻,3,天廻龍の鱗,1,天廻龍の逆鱗,1,上竜骨,4
ガルルガグリーヴ,0,1,3,2,3,5,24,126,1,-3,1,-2,0,達人,4,聴覚保護,1,,,,,,,黒狼鳥の鱗,5,黒狼鳥の甲殻,4,のりこねバッタ,4,ドスゲネポスの皮,2
ガルルガレギンス,0,2,3,2,3,5,12,78,2,-2,2,-1,1,達人,4,聴覚保護,1,,,,,,,黒狼鳥の鱗,5,黒狼鳥の甲殻,4,のりこねバッタ,4,ドスゲネポスの皮,2
キリンレガース,0,1,3,2,3,6,26,126,-2,-2,4,0,2,属性耐性,1,運気,-2,属性攻撃,3,,,,,キリンの皮,7,キリンの雷角,1,怪鳥の鱗,5,電気袋,3
キリンブーツ,0,2,3,2,3,6,13,78,-1,-1,5,1,3,属性耐性,1,運気,-2,属性攻撃,3,,,,,キリンの皮,7,キリンの雷角,1,怪鳥の鱗,5,電気袋,3
ナルガグリーヴ,0,1,3,0,5,8,22,124,-2,1,-4,1,1,痛撃,2,回避性能,4,スタミナ,-2,回避距離,3,,,迅竜の黒毛,2,迅竜の骨髄,1,竜玉,1,,
ナルガレギンス,0,2,3,0,5,8,11,77,-1,2,-3,2,2,痛撃,2,回避性能,4,スタミナ,-2,回避距離,3,,,迅竜の黒毛,2,迅竜の骨髄,1,竜玉,1,,
ガンキングリーヴ,0,1,3,0,99,5,24,126,2,-4,1,-1,-2,胴系統倍加,1,,,,,,,,,爆鎚竜の耐熱殻,2,盾虫の甲殻,4,火炎袋,3,,
ガンキンレギンス,0,2,3,0,99,5,12,78,3,-3,2,0,-1,胴系統倍加,1,,,,,,,,,爆鎚竜の耐熱殻,2,盾虫の甲殻,4,火炎袋,3,,
ドボルグリーヴ,0,1,3,1,99,6,24,126,-4,2,1,-2,1,攻撃,1,達人,-1,回復速度,3,,,,,尾槌竜の苔甲,4,大きな骨,5,暖かい毛皮,4,,
ドボルレギンス,0,2,3,1,99,6,12,78,-3,3,2,-1,2,攻撃,1,達人,-1,回復速度,3,,,,,尾槌竜の苔甲,4,大きな骨,5,暖かい毛皮,4,,
ラヴァグリーヴ,0,1,3,2,99,6,23,125,2,-3,0,0,1,ガード性能,2,回復速度,3,気配,-2,,,,,溶岩竜の鱗,3,溶岩竜のヒレ,1,イーオスの皮,5,,
ラヴァレギンス,0,2,3,2,99,6,12,78,3,-2,1,1,2,反動,2,回復速度,3,気配,-2,,,,,溶岩竜の鱗,3,溶岩竜のヒレ,1,イーオスの皮,5,,
ディアブログリーヴ,0,1,3,3,99,6,23,125,2,0,0,-4,0,剣術,3,研ぎ師,-2,納刀,1,耐震,1,,,角竜の甲殻,3,上竜骨,3,草食竜の甲殻,3,,
ディアブロレギンス,0,2,3,3,99,6,12,78,3,1,1,-3,1,納刀,1,根性,3,貫通弾強化,2,精密射撃,-2,,,角竜の甲殻,3,上竜骨,3,草食竜の甲殻,3,,
暁丸【具足】,1,1,3,2,99,6,26,126,-2,2,0,2,-4,剣術,2,スタミナ,-1,重撃,3,加護,2,,,老山龍の大爪,3,老山龍の甲殻,5,雌火竜の棘,2,,
曙丸【具足】,1,2,3,1,99,6,13,78,-1,3,1,3,-3,スタミナ,-1,重撃,3,装填数,2,加護,2,,,老山龍の大爪,3,老山龍の甲殻,5,雌火竜の棘,2,,
凛【袴】,2,1,3,2,99,6,26,126,-2,2,0,2,-4,剣術,2,スタミナ,-1,重撃,3,加護,2,,,老山龍の大爪,3,老山龍の甲殻,5,雌火竜の棘,2,,
艶【袴】,2,2,3,1,99,6,13,78,-1,3,1,3,-3,スタミナ,-1,重撃,3,装填数,2,加護,2,,,老山龍の大爪,3,老山龍の甲殻,5,雌火竜の棘,2,,
アーティアグリーヴ,0,1,3,1,3,5,20,122,0,-3,-3,1,2,ガード強化,4,研ぎ師,-2,気力回復,4,,,,,さびた破片,5,紅蓮石,2,マカライト鉱石,8,,
アーティアレギンス,0,2,3,1,3,5,10,76,1,-2,-2,2,3,装填速度,-2,反動,5,精密射撃,4,,,,,さびた破片,5,紅蓮石,2,マカライト鉱石,8,,
インゴットグリーヴ,0,1,3,1,3,5,18,120,-2,-2,2,0,0,ガード強化,3,納刀,1,雷属性攻撃,2,気まぐれ,-2,,,紅蓮石,2,ドラグライト鉱石,2,大地の結晶,5,ライトクリスタル,1
インゴットレギンス,0,2,3,1,3,5,8,74,-1,-1,3,1,1,反動,1,散弾強化,3,雷属性攻撃,2,気まぐれ,-2,,,紅蓮石,2,ドラグライト鉱石,2,大地の結晶,5,ライトクリスタル,1
ブナハＳブーツ,0,1,4,1,4,7,33,116,-5,-1,2,-1,3,攻撃,-1,特殊攻撃,3,納刀,2,麻痺,2,,,飛甲虫の堅殻,2,飛甲虫の羽,4,上質な腹袋,1,モンスターの体液,3
ブナハＳフット,0,2,4,1,4,7,16,76,-4,0,3,0,4,攻撃,-1,特殊攻撃,3,納刀,1,麻痺,2,,,飛甲虫の堅殻,2,飛甲虫の羽,4,上質な腹袋,1,モンスターの体液,3
リノプロＳグリーヴ,0,1,4,1,4,7,31,117,2,-1,-1,-1,1,砲術,1,KO,3,気絶,-1,耐泥耐雪,2,,,草食竜の堅殻,3,竜骨【小】,6,カブレライト鉱石,2,,
リノプロＳレギンス,0,2,4,1,4,7,15,76,3,0,0,0,2,砲術,1,KO,3,気絶,-1,耐泥耐雪,2,,,草食竜の堅殻,3,竜骨【小】,6,カブレライト鉱石,2,,
ガブラスーツＳフット,0,1,4,3,5,99,40,117,2,-3,3,2,-4,属性解放,1,属性耐性,-2,減気攻撃,1,,,,,翼蛇竜の上皮,1,縞模様の皮,4,火竜の翼爪,5,ガマのコイン,1
ガブラスーツＳタイツ,0,2,4,3,5,99,20,77,3,-2,4,3,-3,属性解放,1,属性耐性,-2,減気攻撃,1,,,,,翼蛇竜の上皮,1,縞模様の皮,4,火竜の翼爪,5,ガマのコイン,1
ジャギィＳグリーヴ,0,1,4,1,4,7,36,117,-4,0,0,0,2,攻撃,1,研ぎ師,3,効果持続,-1,気絶,3,,,ジャギィの上鱗,4,ジャギィの皮,4,上質な鳥竜骨,4,ドラグライト鉱石,2
ジャギィＳレギンス,0,2,4,1,4,7,18,77,-3,1,1,1,3,装填速度,3,攻撃,1,効果持続,-1,気絶,3,,,ジャギィの上鱗,4,ジャギィの皮,4,上質な鳥竜骨,4,ドラグライト鉱石,2
ゲネポスＳグリーヴ,0,1,4,2,4,7,36,117,1,1,-3,-5,3,特殊攻撃,1,麻痺,2,,,,,,,ゲネポスの上鱗,2,ゲネポスの上皮,4,ドラグライト鉱石,5,上竜骨,3
ゲネポスＳレギンス,0,2,4,2,4,7,18,77,2,2,-2,-4,4,特殊攻撃,1,麻痺,2,,,,,,,ゲネポスの上鱗,2,ゲネポスの上皮,4,ドラグライト鉱石,5,上竜骨,3
イーオスＳグリーヴ,0,1,4,3,5,8,44,119,0,-4,-4,3,3,特殊攻撃,1,毒,2,気絶,-2,,,,,イーオスの上鱗,3,イーオスの上皮,2,強靭な鳥竜皮,3,上竜骨,3
イーオスＳレギンス,0,2,4,3,5,8,22,78,1,-3,-3,4,4,特殊攻撃,1,毒,2,気絶,-2,,,,,イーオスの上鱗,3,イーオスの上皮,2,強靭な鳥竜皮,3,上竜骨,3
ウルクＳグリーヴ,0,1,4,1,5,8,45,120,-3,2,-1,2,2,回避距離,2,効果持続,1,耐暑,-2,耐寒,1,,,白兎獣の剛毛,3,白兎獣の堅腹甲,3,白兎獣の凍爪,1,肉厚な上皮,4
ウルクＳレギンス,0,2,4,1,5,8,22,78,-2,3,0,3,3,回避距離,2,効果持続,1,耐暑,-2,耐寒,1,,,白兎獣の剛毛,3,白兎獣の堅腹甲,3,白兎獣の凍爪,1,肉厚な上皮,4
ケチャＳグリーヴ,0,1,4,1,4,7,43,118,-5,3,-3,0,3,運気,-1,水属性攻撃,1,体術,2,気まぐれ,4,,,奇猿狐の堅長骨,2,奇猿狐の長骨,3,奇猿狐の尻尾,1,ドスヘラクレス,3
ケチャＳレギンス,0,2,4,1,4,7,21,78,-4,4,-2,1,4,運気,-1,水属性攻撃,1,体術,2,気まぐれ,4,,,奇猿狐の堅長骨,2,奇猿狐の長骨,3,奇猿狐の尻尾,1,ドスヘラクレス,3
コンガＳグリーヴ,0,1,4,1,4,7,38,117,-4,1,1,-1,3,細菌学,2,特殊攻撃,2,食いしん坊,2,腹減り,-2,,,桃毛獣の剛毛,3,強靭な鳥竜皮,2,堅牢な骨,2,ドラグライト鉱石,4
コンガＳレギンス,0,2,4,1,4,7,19,77,-3,2,2,0,4,細菌学,2,特殊攻撃,2,食いしん坊,2,腹減り,-2,,,桃毛獣の剛毛,3,強靭な鳥竜皮,2,堅牢な骨,2,ドラグライト鉱石,4
ランポスＳグリーヴ,0,1,4,0,4,7,38,117,0,0,0,-5,3,胴系統倍加,1,,,,,,,,,ランポスの上鱗,3,強靭な鳥竜皮,3,上質な鳥竜骨,4,マカライト鉱石,4
ランポスＳレギンス,0,2,4,0,4,7,19,77,1,1,1,-4,4,胴系統倍加,1,,,,,,,,,ランポスの上鱗,3,強靭な鳥竜皮,3,上質な鳥竜骨,4,マカライト鉱石,4
クックＳグリーヴ,0,1,4,1,4,99,43,118,3,0,-2,-4,2,攻撃,4,聴覚保護,-2,スタミナ,2,火耐性,2,,,怪鳥の地獄耳,1,怪鳥の堅殻,2,怪鳥の翼膜,2,ランポスの上皮,4
クックＳレギンス,0,2,4,1,4,99,21,78,4,1,-1,-3,3,攻撃,4,聴覚保護,-2,スタミナ,2,火耐性,2,,,怪鳥の地獄耳,1,怪鳥の堅殻,2,怪鳥の翼膜,2,ランポスの上皮,4
ランゴグリーヴ,0,1,4,0,4,99,36,117,-5,-5,2,-4,2,特殊攻撃,3,対防御DOWN,3,毒,-2,麻痺,2,,,ランゴスタの薄羽,2,モンスターの濃汁,1,ドスヘラクレス,2,,
ランゴレギンス,0,2,4,0,4,99,18,77,-4,-4,3,-3,3,特殊攻撃,3,対防御DOWN,3,毒,-2,麻痺,2,,,ランゴスタの薄羽,2,モンスターの濃汁,1,ドスヘラクレス,2,,
ガレオスグリーヴ,0,1,4,0,4,7,40,117,-3,2,-4,2,0,防御,5,耐暑,1,腹減り,3,気絶,-3,,,砂竜の上鱗,2,砂竜の上ヒレ,2,ノヴァクリスタル,1,硬化薬グレート,2
ガレオスレギンス,0,2,4,0,4,7,20,77,-2,3,-3,3,1,防御,5,耐暑,1,腹減り,3,気絶,-3,,,砂竜の上鱗,2,砂竜の上ヒレ,2,ノヴァクリスタル,1,硬化薬グレート,2
ラングログリーヴ,0,1,4,0,5,99,47,120,1,-3,0,-1,1,胴系統倍加,1,,,,,,,,,赤甲獣の堅殻,2,魅惑色の翼膜,3,ユニオン鉱石,2,,
ラングロレギンス,0,2,4,0,5,99,24,79,2,-2,1,0,2,胴系統倍加,1,,,,,,,,,赤甲獣の堅殻,2,魅惑色の翼膜,3,ユニオン鉱石,2,,
ザザミグリーヴ,0,1,4,1,4,7,40,117,-3,3,-4,0,1,防御,3,ガード性能,3,雷耐性,-2,,,,,盾蟹の堅殻,1,盾蟹の尖爪,1,上質な鳥竜骨,2,ドラグライト鉱石,5
ザザミレギンス,0,2,4,1,4,7,20,77,-2,4,-3,1,2,防御,3,精密射撃,3,雷耐性,-2,,,,,盾蟹の堅殻,1,盾蟹の尖爪,1,上質な鳥竜骨,2,ドラグライト鉱石,5
ペッコグリーヴ,0,1,4,1,4,7,36,117,2,-1,0,-3,0,氷耐性,-1,観察眼,2,広域,3,笛,3,,,徹甲虫の堅殻,4,極彩色の羽根,2,上竜骨,4,,
ペッコレギンス,0,2,4,1,4,7,18,77,3,0,1,-2,1,氷耐性,-1,観察眼,2,広域,3,笛,3,,,徹甲虫の堅殻,4,極彩色の羽根,2,上竜骨,4,,
ガノスグリーヴ,0,1,4,2,99,4,20,122,-4,3,-5,2,2,捕獲,2,スタミナ,4,耐暑,2,高速設置,2,,,水竜の鱗,1,水竜のヒレ,2,ライトクリスタル,2,,
ガノスレギンス,0,2,4,1,99,4,10,76,-3,4,-4,3,3,捕獲,2,スタミナ,4,耐暑,2,高速設置,2,,,水竜の鱗,1,水竜のヒレ,2,ライトクリスタル,2,,
レザーＳグリーヴ,0,1,4,1,4,7,22,114,-2,0,0,0,2,採取,3,運気,-1,高速収集,2,,,,,上質な毛皮,2,上竜骨,2,盾虫の堅殻,1,,
レザーＳレギンス,0,2,4,1,4,7,11,75,-1,1,1,1,3,採取,1,運気,-1,高速収集,2,,,,,上質な毛皮,2,上竜骨,2,盾虫の堅殻,1,,
ブレイブＳグリーヴ,0,1,4,0,4,7,18,114,3,0,0,0,2,体力,-1,回復速度,1,乗り,4,,,,,天空の結晶,3,上質な毛皮,1,上質な鳥竜骨,2,大地の結晶,2
ブレイブＳレギンス,0,2,4,1,4,7,9,75,4,1,1,1,3,体力,-1,回復速度,1,乗り,2,,,,,天空の結晶,3,上質な毛皮,1,上質な鳥竜骨,2,大地の結晶,2
チェーンＳグリーヴ,0,1,4,1,4,7,23,115,2,2,-3,1,0,体力,2,調合成功率,2,腹減り,2,睡眠,-2,,,カブレライト鉱石,2,マカライト鉱石,2,鉄鉱石,5,,
チェーンＳレギンス,0,2,4,1,4,7,11,75,3,3,-2,2,1,体力,2,調合成功率,2,腹減り,2,睡眠,-2,,,カブレライト鉱石,2,マカライト鉱石,2,鉄鉱石,5,,
ハンターＳグリーヴ,0,1,4,1,4,7,26,116,0,2,-4,0,0,千里眼,3,調合成功率,2,狩人,3,毒,-1,,,カブレライト鉱石,1,暖かい毛皮,2,氷結晶,3,大地の結晶,2
ハンターＳレギンス,0,2,4,1,4,7,13,75,1,3,-3,1,1,千里眼,3,調合成功率,3,狩人,3,毒,-1,,,カブレライト鉱石,1,暖かい毛皮,2,氷結晶,3,大地の結晶,2
ボーンＳグリーヴ,0,1,4,0,4,7,27,117,2,0,-1,-3,0,KO,2,観察眼,1,笛,4,睡眠,-1,,,上質な鳥竜骨,2,竜骨【小】,3,上竜骨,2,,
ボーンＳレギンス,0,2,4,0,4,7,13,75,3,1,0,-2,1,KO,2,観察眼,1,笛,4,睡眠,-1,,,上質な鳥竜骨,2,竜骨【小】,3,上竜骨,2,,
アロイＳグリーヴ,0,1,4,0,4,7,28,116,-1,2,-3,-2,0,胴系統倍加,1,,,,,,,,,カブレライト鉱石,3,レビテライト鉱石,3,紅蓮石,3,氷結晶,5
アロイＳレギンス,0,2,4,0,4,7,14,75,0,3,-2,-1,1,胴系統倍加,1,,,,,,,,,カブレライト鉱石,3,レビテライト鉱石,3,紅蓮石,3,氷結晶,5
クロムメタルブーツ,0,1,4,0,5,8,40,117,2,-2,0,0,0,胴系統倍加,1,,,,,,,,,堅竜骨,6,ノヴァクリスタル,1,,,,
クロムメタルフット,0,2,4,0,5,8,20,77,3,-1,1,1,1,胴系統倍加,1,,,,,,,,,堅竜骨,6,ノヴァクリスタル,1,,,,
マギュルライース,0,1,4,0,4,7,19,121,-4,1,0,2,0,属性解放,2,溜め短縮,3,調合成功率,1,調合数,2,回復速度,1,ペピポパンプキン,4,ドスヘラクレス,8,はじけクルミ,10,雷光虫,4
マギュルヴルツェル,0,2,4,0,4,7,9,75,-3,2,1,3,1,属性解放,2,溜め短縮,3,調合成功率,1,調合数,2,回復速度,1,ペピポパンプキン,4,ドスヘラクレス,8,はじけクルミ,10,雷光虫,4
ロワーガガンバ,1,1,4,2,3,5,18,120,-4,0,3,-1,1,剣術,1,聴覚保護,5,龍属性攻撃,2,加護,-1,ハチミツ,3,オオクワアゲハ,1,レビテライト鉱石,2,モンスターの体液,3,ツチハチノコ,10
ロワーガフェムル,1,2,4,2,3,5,9,75,-3,1,4,0,2,速射,1,聴覚保護,5,龍属性攻撃,2,加護,-1,ハチミツ,3,オオクワアゲハ,1,レビテライト鉱石,2,モンスターの体液,3,ツチハチノコ,10
ファルメルガンバ,2,1,4,2,3,5,18,120,-4,0,3,-1,1,剣術,1,聴覚保護,5,龍属性攻撃,2,加護,-1,ハチミツ,3,オオクワアゲハ,1,レビテライト鉱石,2,モンスターの体液,3,ツチハチノコ,10
ファルメルフェムル,2,2,4,2,3,5,9,75,-3,1,4,0,2,速射,1,聴覚保護,5,龍属性攻撃,2,加護,-1,ハチミツ,3,オオクワアゲハ,1,レビテライト鉱石,2,モンスターの体液,3,ツチハチノコ,10
Ｋ・ロブスタグリーヴ,0,1,4,1,99,4,16,118,-2,5,-5,2,-2,回避性能,1,回避距離,4,火耐性,-3,,,,,エビの小殻,1,エビの尾扇,1,化け鮫のヒレ,1,マカライト鉱石,3
Ｋ・ロブスタレギンス,0,2,4,1,99,4,8,74,-1,6,-4,3,-1,回避性能,1,回避距離,4,火耐性,-3,,,,,エビの小殻,1,エビの尾扇,1,化け鮫のヒレ,1,マカライト鉱石,3
ガーディアンブーツ,1,1,4,2,2,99,18,120,0,0,0,0,0,採取,-2,運気,1,砲術,3,加護,2,,,ドラグライト鉱石,2,闘技王のコイン,3,鳥竜のコイン,3,,
ガーディアンフット,1,2,4,2,2,99,9,75,1,1,1,1,1,採取,-2,運気,1,広域,2,加護,2,,,ドラグライト鉱石,2,闘技王のコイン,3,鳥竜のコイン,3,,
ヘルパーソックス,2,1,4,2,2,99,18,120,0,0,0,0,0,採取,-2,運気,1,砲術,3,加護,2,,,ドラグライト鉱石,2,闘技王のコイン,3,鳥竜のコイン,3,,
ヘルパータイツ,2,2,4,2,2,99,9,75,1,1,1,1,1,採取,-2,運気,1,広域,2,加護,2,,,ドラグライト鉱石,2,闘技王のコイン,3,鳥竜のコイン,3,,
ギルドバードブーツ,1,1,4,0,3,99,20,122,0,0,0,0,0,胴系統倍加,1,,,,,,,,,レビテライト鉱石,1,蟲のコイン,2,鳥竜のコイン,3,闘技王のコイン,3
ギルドバードフット,1,2,4,0,3,99,10,76,1,1,1,1,1,胴系統倍加,1,,,,,,,,,レビテライト鉱石,1,蟲のコイン,2,鳥竜のコイン,3,闘技王のコイン,3
スカラーソックス,2,1,4,0,3,99,20,122,0,0,0,0,0,胴系統倍加,1,,,,,,,,,レビテライト鉱石,1,蟲のコイン,2,鳥竜のコイン,3,闘技王のコイン,3
スカラーサンダル,2,2,4,0,3,99,10,76,1,1,1,1,1,胴系統倍加,1,,,,,,,,,レビテライト鉱石,1,蟲のコイン,2,鳥竜のコイン,3,闘技王のコイン,3
コンガＵグリーヴ,0,1,5,1,4,7,40,117,1,0,0,-4,3,底力,2,爆弾強化,2,腹減り,-1,,,,,緑毛獣の剛毛,3,緑毛獣の鋭牙,4,堅牢な骨,2,ドラグライト鉱石,4
コンガＵレギンス,0,2,5,1,4,7,20,77,2,1,1,-3,4,底力,2,爆弾強化,2,腹減り,-1,,,,,緑毛獣の剛毛,3,緑毛獣の鋭牙,4,堅牢な骨,2,ドラグライト鉱石,4
ゲリョスＳグリーヴ,0,1,5,1,4,7,47,120,-5,2,3,-2,0,達人,2,スタミナ,4,腹減り,-2,毒,1,,,ゴム質の上皮,4,モンスターの濃汁,2,大地の結晶,5,ゲネポスの上皮,5
ゲリョスＳレギンス,0,2,5,1,4,7,23,78,-4,3,4,-1,1,達人,2,スタミナ,4,腹減り,-2,毒,1,,,ゴム質の上皮,4,モンスターの濃汁,2,大地の結晶,5,ゲネポスの上皮,5
カブラＳグリーヴ,0,1,5,0,4,7,48,121,3,-5,-4,0,2,胴系統倍加,1,,,,,,,,,鬼蛙の尖爪,2,鬼蛙の堅殻,3,鬼蛙の上鱗,3,堅牢な骨,2
カブラＳレギンス,0,2,5,0,4,7,24,78,4,-4,-3,1,3,胴系統倍加,1,,,,,,,,,鬼蛙の尖爪,2,鬼蛙の堅殻,3,鬼蛙の上鱗,3,堅牢な骨,2
スキュラＳグリーヴ,0,1,5,2,4,7,48,121,-3,3,-3,2,3,達人,2,観察眼,2,腹減り,-3,毒,2,,,影蜘蛛の堅殻,3,睡眠袋,4,ゴム質の上皮,2,盾虫の堅殻,5
スキュラＳレギンス,0,2,5,2,4,7,24,78,-2,4,-2,3,4,達人,2,観察眼,2,腹減り,-3,毒,2,,,影蜘蛛の堅殻,3,睡眠袋,4,ゴム質の上皮,2,盾虫の堅殻,5
ザボアＳグリーヴ,0,1,5,1,5,8,53,124,-4,3,-5,3,0,重撃,3,氷属性攻撃,2,肉食,3,腹減り,-2,,,化け鮫の上鱗,2,化け鮫の上皮,4,化け鮫の上ヒレ,2,凍結袋,3
ザボアＳレギンス,0,2,5,1,5,8,27,79,-3,4,-4,4,1,重撃,2,氷属性攻撃,1,肉食,3,腹減り,-2,,,化け鮫の上鱗,2,化け鮫の上皮,4,化け鮫の上ヒレ,2,凍結袋,3
ガララＳグリーヴ,0,1,5,0,5,8,55,124,3,-3,0,-5,3,捕獲,5,聴覚保護,2,気まぐれ,-3,麻痺,2,,,絞蛇竜の堅殻,5,絞蛇竜の上鳴甲,6,尖竜骨,3,竜骨【大】,3
ガララＳレギンス,0,2,5,0,5,8,28,80,4,-2,1,-4,4,捕獲,5,聴覚保護,2,気まぐれ,-3,麻痺,2,,,絞蛇竜の堅殻,5,絞蛇竜の上鳴甲,6,尖竜骨,3,竜骨【大】,3
フルフルＳグリーヴ,0,1,5,1,5,8,50,121,-5,1,1,2,1,雷属性攻撃,3,広域,2,回復速度,3,気絶,-1,,,真珠色の柔皮,3,カブレライト鉱石,3,ドスヘラクレス,4,生命の粉塵,3
フルフルＳレギンス,0,2,5,1,5,8,25,79,-4,2,2,3,2,雷属性攻撃,3,広域,2,回復速度,3,気絶,-1,,,真珠色の柔皮,3,カブレライト鉱石,3,ドスヘラクレス,4,生命の粉塵,3
レイアＳグリーヴ,0,1,5,1,5,8,50,121,3,0,-2,0,-4,体力,5,火属性攻撃,1,回復量,2,回復速度,-2,,,雌火竜の堅殻,4,雌火竜の上鱗,4,尖竜骨,3,ドラグライト鉱石,5
レイアＳレギンス,0,2,5,1,5,8,25,79,4,1,-1,1,-3,体力,5,火属性攻撃,1,回復量,2,回復速度,-2,,,雌火竜の堅殻,4,雌火竜の上鱗,4,尖竜骨,3,ドラグライト鉱石,5
レウスＳグリーヴ,0,1,5,1,5,8,57,126,3,0,-2,0,-4,攻撃,3,火属性攻撃,3,回復量,-2,,,,,火竜の堅殻,6,火竜の延髄,2,火竜の鱗,6,紅蓮石,4
レウスＳレギンス,0,2,5,1,5,8,28,80,4,1,-1,1,-3,攻撃,3,火属性攻撃,3,回復量,-2,,,,,火竜の堅殻,6,火竜の延髄,2,火竜の鱗,6,紅蓮石,4
レックスＳグリーヴ,0,1,5,0,5,8,55,124,2,-1,-4,0,-2,攻撃,4,研ぎ師,-2,千里眼,3,食いしん坊,3,,,轟竜の上鱗,6,轟竜の尖爪,4,轟竜の甲殻,4,盾虫の堅殻,4
レックスＳレギンス,0,2,5,0,5,8,28,80,3,0,-3,1,-1,反動,-2,攻撃,4,千里眼,3,食いしん坊,3,,,轟竜の上鱗,6,轟竜の尖爪,4,轟竜の甲殻,4,盾虫の堅殻,4
ジンオウＳグリーヴ,0,1,5,0,5,8,52,123,0,-2,3,-4,1,匠,2,本気,4,斬れ味,2,雷属性攻撃,3,気配,-3,雷狼竜の堅殻,5,雷狼竜の尖爪,5,雷狼竜の高電殻,3,超電雷光虫,10
ジンオウＳレギンス,0,2,5,0,5,8,26,79,1,-1,4,-3,2,装填速度,3,本気,4,無傷,1,雷属性攻撃,3,気配,-3,雷狼竜の堅殻,5,雷狼竜の尖爪,5,雷狼竜の高電殻,3,超電雷光虫,10
セルタスＳグリーヴ,0,1,5,1,5,8,53,124,-4,3,-1,-3,3,捕獲,4,砲術,1,斬れ味,2,気力回復,-3,,,重甲虫の鋭爪,3,重甲虫の堅胸殻,5,重甲虫の大顎,2,濃縮重甲エキス,1
セルタスＳレギンス,0,2,5,1,5,8,27,79,-3,4,0,-2,4,砲術,1,装填数,3,榴弾追加,2,気力回復,-3,,,重甲虫の鋭爪,3,重甲虫の堅胸殻,5,重甲虫の大顎,2,濃縮重甲エキス,1
グラビドＳグリーヴ,0,1,5,2,5,8,57,126,3,-4,0,2,-3,防御,4,ガード性能,2,スタミナ,-2,,,,,鎧竜の堅殻,2,鎧竜の甲殻,4,堅竜骨,2,マレコガネ,2
グラビドＳレギンス,0,2,5,2,5,8,29,80,4,-3,1,3,-2,反動,2,防御,4,スタミナ,-2,,,,,鎧竜の堅殻,2,鎧竜の甲殻,4,堅竜骨,2,マレコガネ,2
クックＵグリーヴ,0,1,5,2,4,7,47,120,3,-4,-3,0,2,達人,2,火属性攻撃,2,水耐性,-2,,,,,青怪鳥の堅殻,2,怪鳥の地獄耳,1,怪鳥の翼膜,2,ランポスの上皮,4
クックＵレギンス,0,2,5,2,4,7,23,78,4,-3,-2,1,3,達人,2,火属性攻撃,2,水耐性,-2,,,,,青怪鳥の堅殻,2,怪鳥の地獄耳,1,怪鳥の翼膜,2,ランポスの上皮,4
バサルＳグリーヴ,0,1,5,2,5,99,50,121,-1,-2,1,1,-3,納刀,1,食事,2,腹減り,-2,耐泥耐雪,3,,,岩竜の堅殻,3,カブレライト鉱石,5,猛毒袋,3,ランポスの上鱗,5
バサルＳレギンス,0,2,5,2,5,99,25,79,0,-1,2,2,-2,納刀,1,食事,2,腹減り,-2,耐泥耐雪,2,,,岩竜の堅殻,3,カブレライト鉱石,5,猛毒袋,3,ランポスの上鱗,5
ガルルガＳグリーヴ,0,1,5,2,6,9,60,127,3,-4,3,-4,1,達人,3,聴覚保護,1,斬れ味,2,,,,,黒狼鳥の上鱗,5,黒狼鳥の堅殻,3,黒狼鳥の翼,2,ドスヘラクレス,4
ガルルガＳレギンス,0,2,5,2,6,9,30,80,4,-3,4,-3,2,達人,3,聴覚保護,1,貫通弾強化,2,,,,,黒狼鳥の上鱗,5,黒狼鳥の堅殻,3,黒狼鳥の翼,2,ドスヘラクレス,4
モノブロＳグリーヴ,0,1,5,1,99,8,57,126,0,2,-3,-4,2,攻撃,6,底力,2,加護,-1,,,,,一角竜の堅甲,2,上質な真紅の角,1,一角竜の堅殻,4,マレコガネ,3
モノブロＳレギンス,0,2,5,1,99,8,29,80,1,3,-2,-3,3,攻撃,6,底力,2,加護,-1,,,,,一角竜の堅甲,2,上質な真紅の角,1,一角竜の堅殻,4,マレコガネ,3
ブランゴグリーヴ,0,1,5,2,5,99,55,124,-4,2,0,2,1,攻撃,2,耐暑,-2,耐寒,1,耐泥耐雪,2,,,雪獅子の剛毛,2,白兎獣の剛毛,6,堅竜骨,1,上質な毛皮,2
ブランゴレギンス,0,2,5,2,5,99,28,80,-3,3,1,3,2,攻撃,2,耐暑,-2,耐寒,1,耐泥耐雪,2,,,雪獅子の剛毛,2,白兎獣の剛毛,6,堅竜骨,1,上質な毛皮,2
ガブルグリーヴ,0,1,5,3,5,99,52,123,-2,3,-4,0,1,達人,1,食事,1,回復速度,-2,,,,,灯魚竜の上棘,2,灯魚竜の上皮,4,化け鮫の上ヒレ,2,化け鮫の刃尾,1
ガブルレギンス,0,2,5,3,5,99,26,79,-1,4,-3,1,2,達人,1,食事,1,回復速度,-2,,,,,灯魚竜の上棘,2,灯魚竜の上皮,4,化け鮫の上ヒレ,2,化け鮫の刃尾,1
ベリオグリーヴ,0,1,5,1,5,99,57,126,-5,0,-1,3,0,回避性能,3,氷属性攻撃,2,体術,3,気力回復,-2,,,氷牙竜の上毛皮,5,白兎獣の凍爪,3,白兎獣の剛毛,4,,
ベリオレギンス,0,2,5,1,5,99,29,80,-4,1,0,4,1,回避性能,3,氷属性攻撃,2,体術,3,気力回復,-2,,,氷牙竜の上毛皮,5,白兎獣の凍爪,3,白兎獣の剛毛,4,,
ハイメタＳグリーヴ,0,1,5,1,99,7,18,114,-2,-2,3,-1,0,防御,3,研ぎ師,2,毒,-2,,,,,※店売り,1,,,,,,
ハイメタＳレギンス,0,2,5,1,99,7,9,75,-1,-1,4,0,1,防御,3,通常弾強化,2,毒,-2,,,,,※店売り,1,,,,,,
イーオスーツフット,0,1,5,2,5,8,41,116,2,1,1,1,1,運気,3,毒,3,気絶,-2,,,,,イーオスの上皮,2,ドスイーオスの皮,2,イーオスの上鱗,3,肉厚な上皮,3
イーオスーツタイツ,0,2,5,2,5,8,21,78,3,2,2,2,2,採取,-3,運気,2,火耐性,2,,,,,イーオスの上皮,2,ドスイーオスの皮,2,イーオスの上鱗,3,肉厚な上皮,3
オウビートガンバ,1,1,5,1,5,99,43,118,3,-5,3,-4,2,採取,2,回避性能,2,特殊攻撃,2,耐寒,-2,,,オオツノアゲハ,1,マレコガネ,1,モンスターの濃汁,3,凍結袋,2
オウビートフェムル,1,2,5,1,5,99,21,78,4,-4,5,-3,2,採取,2,回避性能,2,特殊攻撃,2,耐寒,-2,,,オオツノアゲハ,1,マレコガネ,1,モンスターの濃汁,3,凍結袋,2
パピメルガンバ,2,1,5,1,5,99,43,118,3,-5,3,-4,2,採取,2,回避性能,2,特殊攻撃,2,耐寒,-2,,,オオツノアゲハ,1,マレコガネ,1,モンスターの濃汁,3,凍結袋,2
パピメルフェムル,2,2,5,1,5,99,21,78,4,-4,5,-3,2,採取,2,回避性能,2,特殊攻撃,2,耐寒,-2,,,オオツノアゲハ,1,マレコガネ,1,モンスターの濃汁,3,凍結袋,2
アーティアＳグリーヴ,0,1,5,1,5,9,51,122,0,-3,-3,2,3,属性解放,5,匠,2,ガード強化,3,,,,,太古の破片,5,獄炎石,3,さびた破片,2,ユニオン鉱石,5
アーティアＳレギンス,0,2,5,1,5,9,26,79,1,-2,-2,3,4,属性解放,3,反動,3,速射,4,,,,,太古の破片,5,獄炎石,3,さびた破片,2,ユニオン鉱石,5
三眼の足輪,0,0,5,3,4,7,18,77,-3,0,0,3,1,,,,,,,,,,,カブレライト鉱石,3,ノヴァクリスタル,2,,,,
ゴアＳグリーヴ,0,1,6,0,5,99,52,123,-5,3,-3,2,-2,細菌学,3,闘魂,3,火耐性,-2,狂撃耐性,4,,,黒蝕竜の堅殻,5,黒蝕竜の上鱗,4,黒蝕竜の鋭惨爪,5,ノヴァクリスタル,1
ゴアＳレギンス,0,2,6,0,5,99,26,79,-4,4,-2,3,-1,細菌学,3,闘魂,3,火耐性,-2,狂撃耐性,4,,,黒蝕竜の堅殻,5,黒蝕竜の上鱗,4,黒蝕竜の鋭惨爪,5,ノヴァクリスタル,1
レギオスＳグリーヴ,0,1,6,1,99,9,58,125,3,0,-3,-2,0,剣術,1,研ぎ師,-1,体術,3,裂傷,2,,,千刃竜の鋭刃鱗,5,千刃竜の刻爪,5,千刃竜の尖翼爪,3,堅竜骨,6
レギオスＳレギンス,0,2,6,1,99,9,29,80,4,1,-2,-1,1,装填速度,-1,反動,1,体術,3,裂傷,2,,,千刃竜の鋭刃鱗,5,千刃竜の刻爪,5,千刃竜の尖翼爪,3,堅竜骨,6
ゲリョスＵグリーヴ,0,1,6,0,4,7,48,121,-5,2,3,-2,0,達人,-1,風圧,3,気絶,2,,,,,ゴム質の紫皮,3,モンスターの濃汁,2,大地の結晶,5,ゲネポスの上皮,5
ゲリョスＵレギンス,0,2,6,0,4,7,24,78,-4,3,4,-1,1,達人,-1,風圧,3,気絶,2,,,,,ゴム質の紫皮,3,モンスターの濃汁,2,大地の結晶,5,ゲネポスの上皮,5
フルフルＵグリーヴ,0,1,6,2,5,8,51,122,1,-5,1,2,1,回復量,2,広域,2,回復速度,-2,,,,,魅惑色の柔皮,2,魅惑色の翼膜,2,モンスターの濃汁,2,マレコガネ,3
フルフルＵレギンス,0,2,6,2,5,8,26,79,2,-4,2,3,2,回復量,2,広域,2,回復速度,-2,,,,,魅惑色の柔皮,2,魅惑色の翼膜,2,モンスターの濃汁,2,マレコガネ,3
リオハートグリーヴ,0,1,6,1,5,8,51,122,3,0,-2,0,-4,底力,2,火属性攻撃,1,風圧,4,気配,-1,,,桜火竜の堅殻,2,桜火竜の上鱗,4,尖竜骨,3,カブレライト鉱石,5
リオハートレギンス,0,2,6,1,5,8,26,79,4,1,-1,1,-3,底力,3,火属性攻撃,1,風圧,4,気配,-1,,,桜火竜の堅殻,2,桜火竜の上鱗,4,尖竜骨,3,カブレライト鉱石,5
リオソウルグリーヴ,0,1,6,1,6,9,58,125,3,0,0,-2,-4,達人,3,体力,-2,聴覚保護,3,斬れ味,2,,,蒼火竜の堅殻,2,蒼火竜の上鱗,3,火竜の紅玉,1,獄炎石,2
リオソウルレギンス,0,2,6,0,6,9,29,80,4,1,1,-1,-3,達人,3,体力,-2,聴覚保護,3,通常弾強化,3,,,蒼火竜の堅殻,2,蒼火竜の上鱗,3,火竜の紅玉,1,獄炎石,2
レックスＵグリーヴ,0,1,6,2,6,9,59,126,2,-4,-2,0,-1,聴覚保護,2,研ぎ師,-2,観察眼,2,食事,2,,,黒轟竜の上鱗,5,黒轟竜の尖爪,5,黒轟竜の堅殻,3,鬼蛙の堅殻,2
レックスＵレギンス,0,2,6,2,6,9,29,80,3,-3,-1,1,0,反動,-2,聴覚保護,2,観察眼,2,食事,2,,,黒轟竜の上鱗,5,黒轟竜の尖爪,5,黒轟竜の堅殻,3,鬼蛙の堅殻,2
ジンオウＵグリーヴ,0,1,6,1,6,9,53,124,0,-4,-5,0,4,回避性能,3,溜め短縮,1,無傷,3,龍属性攻撃,2,回復量,-2,獄狼竜の堅殻,5,獄狼竜の尖爪,5,獄狼竜の龍殻,3,蝕龍蟲,10
ジンオウＵレギンス,0,2,6,1,6,9,27,79,1,-3,-4,1,5,回避性能,2,無傷,2,装填数,1,龍属性攻撃,3,回復量,-3,獄狼竜の堅殻,5,獄狼竜の尖爪,5,獄狼竜の龍殻,3,蝕龍蟲,10
グラビドＵグリーヴ,0,1,6,2,6,9,58,125,3,-5,1,1,1,防御,2,ガード強化,2,スタミナ,-3,,,,,黒鎧竜の堅殻,2,鎧竜の堅殻,1,堅竜骨,3,ゴム質の上皮,3
グラビドＵレギンス,0,2,6,2,6,9,29,80,4,-4,2,2,2,防御,2,ガード強化,2,スタミナ,-3,,,,,黒鎧竜の堅殻,2,鎧竜の堅殻,1,堅竜骨,3,ゴム質の上皮,3
ブラキＳグリーヴ,0,1,6,1,6,9,57,126,3,-4,0,-2,0,闘魂,3,回避性能,-2,底力,2,爆弾強化,2,回避距離,1,砕竜の堅殻,4,砕竜の堅黒曜甲,2,砕竜の剛拳,2,フルクライト鉱石,3
ブラキＳレギンス,0,2,6,1,6,9,28,80,4,-3,1,-1,1,闘魂,3,回避性能,-2,底力,2,爆弾強化,2,回避距離,1,砕竜の堅殻,4,砕竜の堅黒曜甲,2,砕竜の剛拳,2,フルクライト鉱石,3
バンギスグリーヴ,0,1,6,3,7,9,62,127,0,0,-4,1,-4,攻撃,1,斬れ味,3,腹減り,-2,,,,,恐暴竜の鉤爪,4,恐暴竜の黒鱗,6,恐暴竜の唾液,3,黒蝕竜の逆鱗,1
バンギスレギンス,0,2,6,3,7,9,31,80,1,1,-3,2,-3,反動,2,攻撃,1,食事,1,腹減り,-2,,,恐暴竜の鉤爪,4,恐暴竜の黒鱗,6,恐暴竜の唾液,3,黒蝕竜の逆鱗,1
バサルＵグリーヴ,0,1,6,2,5,99,53,124,0,-2,0,-3,1,ガード性能,2,耐暑,1,毒,2,麻痺,-2,,,桃岩竜の堅殻,3,カブレライト鉱石,5,ドスゲネポスの尾,2,強靭な鳥竜皮,3
バサルＵレギンス,0,2,6,2,5,99,27,79,1,-1,1,-2,2,通常弾強化,1,耐暑,1,毒,2,麻痺,-2,,,桃岩竜の堅殻,3,カブレライト鉱石,5,ドスゲネポスの尾,2,強靭な鳥竜皮,3
キリンＳレガース,0,1,6,1,8,99,60,127,-3,-3,5,-1,3,属性解放,2,属性耐性,2,運気,-2,属性攻撃,3,,,キリンの上皮,4,キリンの雷尾,3,黒狼鳥の堅殻,6,電撃袋,3
キリンＳブーツ,0,2,6,1,8,99,30,80,-2,-2,6,0,4,属性解放,2,属性耐性,2,運気,-2,属性攻撃,2,,,キリンの上皮,4,キリンの雷尾,3,黒狼鳥の堅殻,6,電撃袋,3
ラギアグリーヴ,0,1,6,1,6,99,60,127,-5,1,3,-1,-1,属性解放,3,痛撃,2,特殊攻撃,-2,溜め短縮,3,,,海竜の高電殻,2,蒼火竜の上鱗,3,竜玉,1,,
ラギアレギンス,0,2,6,2,6,99,30,80,-4,2,4,0,0,属性解放,2,痛撃,2,特殊攻撃,-2,溜め短縮,3,,,海竜の高電殻,2,蒼火竜の上鱗,3,竜玉,1,,
アグナグリーヴ,0,1,6,1,6,99,59,126,3,-5,0,-1,0,ガード性能,2,底力,-2,火属性攻撃,4,燃鱗,2,,,炎戈竜の堅殻,3,砕竜の堅殻,3,イーオスの上鱗,4,,
アグナレギンス,0,2,6,1,6,99,30,80,4,-4,1,0,1,底力,-2,通常弾強化,2,精密射撃,3,火属性攻撃,1,燃鱗,2,炎戈竜の堅殻,3,砕竜の堅殻,3,イーオスの上鱗,4,,
ドーベルグリーヴ,0,1,6,3,4,7,47,120,-2,0,0,0,3,龍属性攻撃,1,気力回復,1,腹減り,-2,耐震,1,,,いにしえの龍骨,3,徹甲虫の尖角,2,堅牢な骨,5,大きな骨,10
ドーベルレギンス,0,2,6,3,4,7,24,78,-1,1,1,1,4,装填速度,1,龍属性攻撃,1,気力回復,1,腹減り,-2,,,いにしえの龍骨,3,徹甲虫の尖角,2,堅牢な骨,5,大きな骨,10
ホークブーツ,1,1,6,1,5,99,45,120,2,-1,1,0,2,狩人,2,指揮,3,腹減り,-3,,,,,旅団チケット,2,高級お食事券,2,エビの尾扇,3,天空の結晶,3
ホークフット,1,2,6,1,5,99,23,78,3,0,2,1,3,狩人,2,指揮,3,腹減り,-3,,,,,旅団チケット,2,高級お食事券,2,エビの尾扇,3,天空の結晶,3
エコールブーツ,2,1,6,1,5,99,45,120,2,-1,1,0,2,狩人,2,指揮,3,腹減り,-3,,,,,旅団チケット,2,高級お食事券,2,エビの尾扇,3,天空の結晶,3
エコールフット,2,2,6,1,5,99,23,78,3,0,2,1,3,狩人,2,指揮,3,腹減り,-3,,,,,旅団チケット,2,高級お食事券,2,エビの尾扇,3,天空の結晶,3
ギルドナイトブーツ,1,1,6,0,8,99,52,123,0,0,0,0,0,胴系統倍加,1,,,,,,,,,希望の証,1,岩竜の堅殻,4,怪鳥の地獄耳,2,,
ギルドナイトタイツ,1,2,6,0,8,99,26,79,1,1,1,1,1,胴系統倍加,1,,,,,,,,,希望の証,1,岩竜の堅殻,4,怪鳥の地獄耳,2,,
メイドソックス,2,1,6,0,8,99,52,123,0,0,0,0,0,胴系統倍加,1,,,,,,,,,希望の証,1,岩竜の堅殻,4,怪鳥の地獄耳,2,,
メイドタイツ,2,2,6,0,8,99,26,79,1,1,1,1,1,胴系統倍加,1,,,,,,,,,希望の証,1,岩竜の堅殻,4,怪鳥の地獄耳,2,,
ユクモノハカマ・天,0,1,6,2,8,99,60,127,-1,0,2,0,0,匠,1,研ぎ師,1,回復量,2,加護,2,,,蛇王龍の鋼皮,3,凶星の破片,1,蛇王龍の尾鱗,3,,
ユクモノハカマ・地,0,2,6,2,8,99,30,80,0,1,3,1,1,装填速度,1,装填数,1,回復量,2,加護,2,,,蛇王龍の鋼皮,3,凶星の破片,1,蛇王龍の尾鱗,3,,
城塞遊撃隊【足袋】,0,1,6,1,6,99,53,124,0,0,0,0,0,剣術,3,剥ぎ取り,3,根性,1,回復量,1,気配,-2,牙竜のコイン,2,狩猟王のコイン,3,大地の龍玉,1,,
城塞弓撃隊【足袋】,0,2,6,1,6,99,27,79,1,1,1,1,1,痛撃,3,剥ぎ取り,3,根性,1,回復量,2,気配,-1,牙竜のコイン,2,狩猟王のコイン,3,大地の龍玉,1,,
クロオビグリーヴ,0,1,6,2,8,99,55,124,2,2,2,2,2,匠,2,狩人,2,腹減り,-2,,,,,金獅子の黒毛,2,撃龍王のコイン,2,飛竜のコイン,2,ガマのコイン,4
クロオビレギンス,0,2,6,2,8,99,28,80,3,3,3,3,3,装填数,2,狩人,2,腹減り,-2,,,,,金獅子の黒毛,2,撃龍王のコイン,2,飛竜のコイン,2,ガマのコイン,4
セイラーソックス,2,1,6,0,8,99,60,127,0,2,0,-2,0,胴系統倍加,1,,,,,,,,,希望の証,1,狩猟王のコイン,3,撃龍王のコイン,3,フルクライト鉱石,8
セイラーサンダル,2,2,6,0,8,99,30,80,1,3,1,-1,1,胴系統倍加,1,,,,,,,,,希望の証,1,狩猟王のコイン,3,撃龍王のコイン,3,フルクライト鉱石,8
アークＳグリーヴ,1,1,7,2,7,99,65,128,-4,4,0,3,-6,回避術,1,本気,3,火耐性,-2,狂撃耐性,1,,,天廻龍の堅殻,5,天廻龍の上鱗,4,天廻龍の鋭浄爪,5,堅竜骨,6
アークＳレギンス,1,2,7,2,7,99,33,81,-3,5,1,4,-5,回避術,1,本気,3,火耐性,-2,狂撃耐性,1,,,天廻龍の堅殻,5,天廻龍の上鱗,4,天廻龍の鋭浄爪,5,堅竜骨,6
フィリアＳグリーヴ,2,1,7,2,7,99,65,128,-4,4,0,3,-6,回避術,1,本気,3,火耐性,-2,狂撃耐性,1,,,天廻龍の堅殻,5,天廻龍の上鱗,4,天廻龍の鋭浄爪,5,堅竜骨,6
フィリアＳレギンス,2,2,7,2,7,99,33,81,-3,5,1,4,-5,回避術,1,本気,3,火耐性,-2,狂撃耐性,1,,,天廻龍の堅殻,5,天廻龍の上鱗,4,天廻龍の鋭浄爪,5,堅竜骨,6
金色ノ袴,0,1,7,1,7,99,65,128,2,1,3,-6,2,匠,1,本気,1,闘魂,2,スタミナ,-2,,,金獅子の尖角,2,金獅子の黒毛,2,翼蛇竜の上皮,2,鋼の龍鱗,2
黒子ノ足袋,0,2,7,1,7,99,33,81,3,2,4,-5,3,装填速度,1,本気,1,闘魂,2,スタミナ,-1,,,金獅子の尖角,2,金獅子の黒毛,2,翼蛇竜の上皮,2,鋼の龍鱗,2
怒天ノ袴,0,1,7,1,7,99,81,134,2,1,4,-7,2,匠,1,本気,2,闘魂,3,スタミナ,-2,,,金獅子の怒髪,3,金獅子の尖角,2,金獅子の黒毛,4,金火竜の上鱗,2
心滅ノ足袋,0,2,7,1,7,99,41,83,3,2,5,-6,3,装填速度,1,本気,2,闘魂,3,スタミナ,-2,,,金獅子の怒髪,3,金獅子の尖角,2,金獅子の黒毛,4,金火竜の上鱗,2
クシャナペイル,0,1,7,2,7,99,68,131,-2,2,-5,5,-6,属性解放,1,溜め短縮,2,耐暑,3,毒,-2,,,鋼龍の堅殻,6,鋼の龍鱗,4,鋼龍の尖爪,1,ユニオン鉱石,3
クシャナハディ,0,2,7,2,7,99,34,81,-1,3,-4,6,-5,属性解放,1,溜め短縮,2,耐暑,3,毒,-2,,,鋼龍の堅殻,6,鋼の龍鱗,4,鋼龍の尖爪,1,ユニオン鉱石,3
カイザーグリーヴ,0,1,7,0,7,99,68,131,4,-6,1,-2,-2,細菌学,5,剣術,1,匠,2,耐寒,-3,,,炎王龍の堅殻,6,炎龍の塵粉,2,炎龍の翼膜,3,古龍の血,3
カイザーレギンス,0,2,7,0,7,99,34,81,5,-5,2,-1,-1,細菌学,5,装填速度,2,装填数,1,耐寒,-2,,,炎王龍の堅殻,6,炎龍の塵粉,2,炎龍の翼膜,3,古龍の血,3
残陽・覇【具足】,1,1,7,0,7,99,64,127,3,2,-4,3,-4,抜刀会心,3,不動,3,達人,2,底力,-3,,,豪山龍の上紅鱗,5,豪山龍の堅岩殻,6,大地の龍玉,1,勇気の証Ｇ,1
東雲・覇【袴】,1,2,7,0,7,99,32,80,4,3,-3,4,-3,装填速度,-3,速射,3,不動,3,貫通弾強化,3,,,豪山龍の上紅鱗,5,豪山龍の堅岩殻,6,大地の龍玉,1,勇気の証Ｇ,1
常磐・覇【具足】,2,1,7,0,7,99,64,127,3,2,-4,3,-4,抜刀会心,3,不動,3,達人,2,底力,-3,,,豪山龍の上紅鱗,5,豪山龍の堅岩殻,6,大地の龍玉,1,勇気の証Ｇ,1
八千代・覇【袴】,2,2,7,0,7,99,32,80,4,3,-3,4,-3,装填速度,-3,速射,3,不動,3,貫通弾強化,3,,,豪山龍の上紅鱗,5,豪山龍の堅岩殻,6,大地の龍玉,1,勇気の証Ｇ,1
リベリオングリーヴ,0,1,7,1,8,99,69,132,3,3,-2,-2,-3,怒,1,回避術,2,攻撃,-2,,,,,蛇王龍の尾鱗,4,蛇王龍の鉤爪,4,天剣の龍玉,1,金火竜の堅殻,8
ライオットレギンス,0,2,7,1,8,99,35,81,4,4,-1,-1,-2,怒,1,回避術,2,攻撃,-2,,,,,蛇王龍の尾鱗,4,蛇王龍の鉤爪,4,天剣の龍玉,1,金火竜の堅殻,8
アカムトケマル,0,1,7,0,7,99,65,128,4,0,-3,2,-5,匠,3,達人,3,聴覚保護,1,斬れ味,-3,,,覇竜の上鱗,5,覇竜の剛爪,5,覇竜の堅殻,5,砕竜の宝玉,1
アカムトチキル,0,2,7,0,7,99,33,81,5,1,-2,3,-4,装填速度,-3,達人,3,聴覚保護,1,装填数,3,,,覇竜の上鱗,5,覇竜の剛爪,5,覇竜の堅殻,5,砕竜の宝玉,1
シルバーソルグリーヴ,0,1,7,0,7,10,81,134,2,-7,-4,0,4,痛撃,3,斬れ味,3,火属性攻撃,4,回復量,-2,,,銀火竜の堅殻,5,銀火竜の上鱗,5,火竜の煌液,4,ノヴァクリスタル,1
シルバーソルレギンス,0,2,7,0,7,10,41,83,3,-6,-3,1,5,痛撃,2,貫通弾強化,3,火属性攻撃,5,回復量,-2,,,銀火竜の堅殻,5,銀火竜の上鱗,5,火竜の煌液,4,ノヴァクリスタル,1
ゴールドルナグリーヴ,0,1,7,1,7,10,81,134,2,-4,-7,0,4,運気,4,重撃,2,雷耐性,-2,加護,4,,,金火竜の堅殻,5,金火竜の上鱗,4,堅竜骨,5,古龍の血,2
ゴールドルナレギンス,0,2,7,1,7,10,41,83,3,-3,-6,1,5,運気,4,重撃,2,雷耐性,-2,加護,4,,,金火竜の堅殻,5,金火竜の上鱗,4,堅竜骨,5,古龍の血,2
グリードグリーヴ,0,1,7,3,7,10,64,127,-1,-1,-3,-1,-1,強欲,2,攻撃,1,食事,1,腹減り,-2,,,歴戦の漆黒皮,2,恐暴竜の黒鱗,6,恐暴竜の鉤爪,4,古龍の血,1
グリードレギンス,0,2,7,3,7,10,32,80,0,0,-2,0,0,強欲,2,攻撃,2,食事,1,腹減り,-2,,,歴戦の漆黒皮,2,恐暴竜の黒鱗,6,恐暴竜の鉤爪,4,古龍の血,1
エクスゼログリーヴ,0,1,7,2,8,10,81,134,3,-5,2,-3,1,攻撃,5,研ぎ師,-2,食事,1,,,,,大轟竜の上鱗,6,大轟竜の爆爪,4,大轟竜の堅殻,4,鎧竜の延髄,1
エクスゼロレギンス,0,2,7,2,8,10,41,83,4,-4,3,-2,2,反動,-2,攻撃,5,食事,1,,,,,大轟竜の上鱗,6,大轟竜の爆爪,4,大轟竜の堅殻,4,鎧竜の延髄,1
ドラゴンフット,0,1,7,1,8,99,84,136,-3,2,2,-1,-6,痛撃,2,達人,-2,斬れ味,3,,,,,黒龍の鱗,4,黒龍の甲殻,3,黒龍の翼膜,1,雌火竜の逆鱗,3
ドラゴンレグス,0,2,7,1,8,99,42,83,-2,3,3,0,-5,痛撃,2,達人,-2,貫通弾強化,3,,,,,黒龍の鱗,4,黒龍の甲殻,3,黒龍の翼膜,1,雌火竜の逆鱗,3
ミラバルフット,0,1,7,1,8,10,86,138,2,-1,1,-3,-7,怒,2,防御,-3,斬れ味,2,スタミナ,3,,,黒龍の紅鱗,6,黒龍の紅殻,6,黒龍の紅翼,2,恐暴竜の宝玉,1
ミラバルレグス,0,2,7,1,8,10,43,84,3,0,2,-2,-6,怒,2,防御,-3,スタミナ,3,通常弾強化,2,,,黒龍の紅鱗,6,黒龍の紅殻,6,黒龍の紅翼,2,恐暴竜の宝玉,1
キリンＵレガース,0,1,7,1,8,99,65,128,-3,-3,-1,6,3,属性耐性,3,運気,-2,氷属性攻撃,3,属性攻撃,1,,,キリンの霜尾,3,キリンのたてがみ,5,古龍の血,3,桃岩竜の翼,3
キリンＵブーツ,0,2,7,1,8,99,33,81,-2,-2,0,7,4,属性耐性,3,運気,-2,氷属性攻撃,3,属性攻撃,1,,,キリンの霜尾,3,キリンのたてがみ,5,古龍の血,3,桃岩竜の翼,3
ウカムルケマル,0,1,7,1,8,99,67,130,-5,0,-3,4,-2,刀匠,1,達人,-2,底力,2,耐泥耐雪,4,,,崩竜の堅殻,4,崩竜の削顎,2,鋼龍の宝玉,1,,
ウカムルチキル,0,2,7,1,8,99,34,81,-4,1,-2,5,-1,射手,1,達人,-2,底力,2,耐泥耐雪,4,,,崩竜の堅殻,4,崩竜の削顎,2,鋼龍の宝玉,1,,
金剛【具足】,0,1,7,1,8,99,82,136,-2,3,2,2,-2,運気,2,ガード性能,4,火耐性,-2,耐震,2,,,砦蟹の鋏,1,鋼の龍鱗,2,マレコガネ,3,,
不動【具足】,0,2,7,1,8,99,41,83,0,5,3,3,-1,反動,4,運気,2,火耐性,-2,耐震,2,,,砦蟹の鋏,1,鋼の龍鱗,2,マレコガネ,3,,
夜叉【御足】,0,1,7,2,8,99,68,131,2,2,0,-2,-2,剣術,2,属性耐性,2,底力,-2,加護,2,,,神龍苔,3,浮岳龍の体液,2,古龍の血,6,希望の証,1
修羅【御足】,0,2,7,2,8,99,34,81,3,4,2,-1,-1,属性耐性,2,底力,-2,装填数,2,加護,2,,,神龍苔,3,浮岳龍の体液,2,古龍の血,6,希望の証,1
エンプレスグリーヴ,0,1,7,2,7,99,68,131,4,-2,1,-6,-2,属性解放,1,達人,2,ガード性能,3,耐寒,-1,,,炎妃龍の堅殻,4,炎龍の塵粉,2,炎龍の尖爪,3,古龍の血,2
エンプレスレギンス,0,2,7,2,7,99,34,81,5,-1,2,-5,-1,属性解放,1,達人,2,ガード強化,3,耐寒,-1,,,炎妃龍の堅殻,4,炎龍の塵粉,2,炎龍の尖爪,3,古龍の血,2
ミヅハ【具足】,0,1,7,2,8,99,69,132,-4,3,0,4,-1,聴覚保護,3,風圧,4,耐暑,-1,,,,,霞龍の上皮,2,真珠色の柔皮,2,ユニオン鉱石,5,希望の証,1
トヨタマ【具足】,0,2,7,2,8,99,35,81,-3,4,1,5,0,聴覚保護,3,風圧,4,耐暑,-1,,,,,霞龍の上皮,2,真珠色の柔皮,2,ユニオン鉱石,5,希望の証,1
ヘリオスグリーヴ,1,1,7,2,8,99,84,136,0,3,-2,1,-5,聴覚保護,1,重撃,2,水属性攻撃,3,加護,-2,,,大海龍の甲皮,2,湾曲した龍角,1,雌火竜の紅玉,1,,
ヘリオスレギンス,1,2,7,2,8,99,42,83,1,4,-1,2,-4,聴覚保護,1,重撃,2,水属性攻撃,3,加護,-2,,,大海龍の甲皮,2,湾曲した龍角,1,雌火竜の紅玉,1,,
セレネグリーヴ,2,1,7,2,8,99,84,136,0,3,-2,1,-5,聴覚保護,1,重撃,2,水属性攻撃,3,加護,-2,,,大海龍の甲皮,2,湾曲した龍角,1,雌火竜の紅玉,1,,
セレネレギンス,2,2,7,2,8,99,42,83,1,4,-1,2,-4,聴覚保護,1,重撃,2,水属性攻撃,3,加護,-2,,,大海龍の甲皮,2,湾曲した龍角,1,雌火竜の紅玉,1,,
エスカドラスケル,0,1,7,0,8,99,86,138,3,-2,-3,-3,-2,本気,2,属性耐性,3,回避距離,3,属性攻撃,1,気絶,-3,煌黒龍の逆鱗,4,煌黒龍の翼膜,1,天廻龍の光玉,1,,
エスカドラスクレ,0,2,7,0,8,99,43,84,4,-1,-2,-2,-1,本気,2,属性耐性,3,回避距離,3,属性攻撃,1,気絶,-3,煌黒龍の逆鱗,4,煌黒龍の翼膜,1,天廻龍の光玉,1,,
EXレイアグリーヴ,0,1,7,3,8,10,50,121,3,0,-2,0,-4,頑強,1,匠,1,回復量,2,気力回復,-2,,,希望の証,1,雌火竜の堅殻,5,雌火竜の翼膜,4,獄炎石,3
EXレイアレギンス,0,2,7,3,8,10,25,79,4,1,-1,1,-3,頑強,1,装填数,1,回復量,2,気力回復,-2,,,希望の証,1,雌火竜の堅殻,5,雌火竜の翼膜,4,獄炎石,3
EXレウスグリーヴ,0,1,7,1,8,10,57,126,3,0,-2,0,-4,剛撃,1,匠,2,底力,3,気力回復,-2,狩人,2,希望の証,1,火竜の堅殻,5,火竜の延髄,3,獄炎石,3
EXレウスレギンス,0,2,7,1,8,10,28,80,4,1,-1,1,-3,剛撃,1,底力,3,装填数,2,気力回復,-2,狩人,2,希望の証,1,火竜の堅殻,5,火竜の延髄,3,獄炎石,3
EXクシャナペイル,0,1,7,1,8,99,82,136,-3,3,-6,6,-7,匠,2,溜め短縮,2,耐暑,3,毒,-2,,,鋼龍チケット,2,鋼龍の尻尾,3,銀火竜の堅殻,5,古龍骨,3
EXクシャナハディ,0,2,7,1,8,99,41,83,-2,4,-5,7,-6,溜め短縮,2,装填数,2,耐暑,3,毒,-2,,,鋼龍チケット,2,鋼龍の尻尾,3,銀火竜の堅殻,5,古龍骨,3
EXカイザーグリーヴ,0,1,7,0,8,99,82,136,5,-7,2,-2,-4,属性解放,3,剣術,2,達人,3,耐寒,-2,,,炎王龍チケット,2,炎王龍の尻尾,3,蛇王龍の鋼皮,4,古龍骨,3
EXカイザーレギンス,0,2,7,0,8,99,41,83,6,-6,3,-1,-3,属性解放,3,装填速度,2,達人,3,耐寒,-2,,,炎王龍チケット,2,炎王龍の尻尾,3,蛇王龍の鋼皮,4,古龍骨,3
EXレックスグリーヴ,0,1,7,1,8,99,82,136,3,-1,-5,0,-3,一心,2,聴覚保護,3,研ぎ師,-2,千里眼,3,,,探求者の証,2,轟竜の鋭牙,5,覇竜の尻尾,2,堅竜骨,5
EXレックスレギンス,0,2,7,1,8,99,41,83,4,0,-4,1,-2,一心,2,反動,-2,聴覚保護,3,千里眼,3,,,探求者の証,2,轟竜の鋭牙,5,覇竜の尻尾,2,堅竜骨,5
大和【具足】,1,1,7,0,8,99,67,130,3,1,0,-4,-4,防御,3,達人,5,底力,-2,溜め短縮,3,,,希望の証,1,豪山龍の上紅鱗,5,豪山龍の堅岩殻,6,大地の龍玉,1
陸奥【具足】,1,2,7,0,8,99,34,81,4,2,1,-3,-3,装填速度,-2,反動,3,防御,4,貫通弾強化,3,,,希望の証,1,豪山龍の上紅鱗,5,豪山龍の堅岩殻,6,大地の龍玉,1
日向【袴】,2,1,7,0,8,99,67,130,3,1,0,-4,-4,防御,3,達人,5,底力,-2,溜め短縮,3,,,希望の証,1,豪山龍の上紅鱗,5,豪山龍の堅岩殻,6,大地の龍玉,1
天城【袴】,2,2,7,0,8,99,34,81,4,2,1,-3,-3,装填速度,-2,反動,3,防御,4,貫通弾強化,3,,,希望の証,1,豪山龍の上紅鱗,5,豪山龍の堅岩殻,6,大地の龍玉,1
忍の足袋・天,0,1,7,2,8,10,81,134,2,-6,4,-3,2,防御,-2,回避性能,2,属性攻撃,2,,,,,希望の証Ｇ,1,勇気の証Ｇ,1,いにしえの龍骨,3,金火竜の上鱗,5
忍の足袋・地,0,2,7,2,8,10,41,83,3,-5,5,-2,3,防御,-2,回避性能,2,属性攻撃,2,,,,,希望の証Ｇ,1,勇気の証Ｇ,1,いにしえの龍骨,3,金火竜の上鱗,5
ブラックレザーレグス,0,1,7,1,1,99,15,123,2,2,2,2,2,底力,10,,,,,,,,,モンハン部入部届,3,翼蛇竜の皮,6,,,,
ブラックレザーパンツ,0,2,7,1,1,99,8,79,3,3,3,3,3,底力,10,,,,,,,,,モンハン部入部届,3,翼蛇竜の皮,6,,,,
ブルースターブーツ,0,1,7,2,1,99,26,116,1,1,1,1,1,闘魂,2,水属性攻撃,4,采配,2,,,,,スタジオパス,1,火竜の尻尾,4,火竜の逆鱗,1,狂竜結晶の欠片,3
ブルースターフット,0,2,7,2,1,99,13,72,2,2,2,2,2,闘魂,2,水属性攻撃,4,采配,2,,,,,スタジオパス,1,火竜の尻尾,4,火竜の逆鱗,1,狂竜結晶の欠片,3
キャプテンＪブーツ,0,1,7,0,4,99,26,105,-3,-3,-3,-3,-3,剥ぎ取り,3,運気,2,捕獲,3,加護,-3,,,海賊Ｊチケット,1,獄狼竜の龍毛,4,獄狼竜の尻尾,3,狂竜結晶,2
キャプテンＪパンツ,0,2,7,0,4,99,13,65,-2,-2,-2,-2,-2,剥ぎ取り,3,運気,2,捕獲,3,加護,-3,,,海賊Ｊチケット,1,獄狼竜の龍毛,4,獄狼竜の尻尾,3,狂竜結晶,2
伝説Ｊブーツ,0,1,7,1,8,99,44,105,-4,-4,-4,-4,-4,匠,2,剥ぎ取り,3,加護,-3,,,,,伝説Ｊの海賊帽,1,炎王龍の堅殻,3,炎王龍の尖角,2,古龍の血,1
伝説Ｊパンツ,0,2,7,1,8,99,22,65,-3,-3,-3,-3,-3,剥ぎ取り,3,装填数,2,加護,-3,,,,,伝説Ｊの海賊帽,1,炎王龍の堅殻,3,炎王龍の尖角,2,古龍の血,1
坊屋ジーンズ,0,1,7,0,4,99,44,116,1,1,1,1,1,攻撃,5,気力回復,3,気配,-3,,,,,鈴蘭最強の証,2,ギルドチケットＳ,1,強靭な鳥竜皮,3,黒蝕竜の鱗,4
坊屋デニム,0,2,7,0,4,99,22,72,2,2,2,2,2,攻撃,5,気力回復,3,気配,-3,,,,,鈴蘭最強の証,2,ギルドチケットＳ,1,強靭な鳥竜皮,3,黒蝕竜の鱗,4
ユニクロパンツ,0,1,7,2,4,99,44,118,-3,1,0,4,0,聴覚保護,2,回避距離,3,食事,-2,耐寒,2,,,ユニクロチケット,2,黒轟竜の堅殻,3,轟竜の尖爪,2,狂竜結晶の欠片,2
ユニクロタイツ,0,2,7,2,4,99,22,73,-2,2,1,5,1,聴覚保護,2,回避距離,3,食事,-2,耐寒,2,,,ユニクロチケット,2,黒轟竜の堅殻,3,轟竜の尖爪,2,狂竜結晶の欠片,2
スタールークグリーヴ,0,1,7,2,4,99,52,120,0,0,0,0,0,護石収集,4,闘魂,2,乗り,2,,,,,スタジオＧパス,1,金火竜の上鱗,4,蒼火竜の堅殻,3,火竜の紅玉,1
スタールークレギンス,0,2,7,2,4,99,26,73,1,1,1,1,1,護石収集,4,闘魂,2,乗り,2,,,,,スタジオＧパス,1,金火竜の上鱗,4,蒼火竜の堅殻,3,火竜の紅玉,1
ゾディアスグリーヴ,0,1,7,3,5,99,52,122,1,1,1,1,1,剣術,1,匠,2,乗り,-3,,,,,冥天の星くず,1,鋼龍の堅殻,3,翼蛇竜の上皮,4,ギルドチケットＧ,2
ゾディアスレギンス,0,2,7,2,5,99,26,73,2,2,2,2,2,装填数,1,精密射撃,4,乗り,-3,,,,,冥天の星くず,1,鋼龍の堅殻,3,翼蛇竜の上皮,4,ギルドチケットＧ,2
勇者の靴,0,1,7,1,5,99,52,122,2,2,2,2,2,属性解放,1,運気,2,体術,3,気配,-4,,,トライフォース,1,雷狼竜の高電殻,2,雌火竜の堅殻,3,金獅子の尖爪,2
勇者の具足,0,2,7,1,5,99,26,73,3,3,3,3,3,属性解放,1,運気,2,体術,3,気配,-4,,,トライフォース,1,雷狼竜の高電殻,2,雌火竜の堅殻,3,金獅子の尖爪,2
地上最強の袴,0,1,7,0,7,99,52,105,6,6,6,6,6,闘魂,3,底力,3,気配,-5,,,,,地上最強の証明,1,恐暴竜の黒皮,3,恐暴竜の黒鱗,2,古龍の血,1
地上最強の下衣,0,2,7,0,7,99,26,65,7,7,7,7,7,闘魂,3,底力,3,気配,-5,,,,,地上最強の証明,1,恐暴竜の黒皮,3,恐暴竜の黒鱗,2,古龍の血,1
EXキリンＵレガース,0,1,7,1,7,99,1,134,0,0,1,6,3,状態耐性,2,属性耐性,3,運気,-2,属性攻撃,3,,,幻獣チケット,1,キリンの上皮,5,黒狼鳥の地獄耳,4,ギルドチケットＧ,2
EXキリンＵブーツ,0,2,7,1,7,99,1,72,1,1,2,7,4,状態耐性,2,属性耐性,3,運気,-2,属性攻撃,3,,,幻獣チケット,1,キリンの上皮,5,黒狼鳥の地獄耳,4,ギルドチケットＧ,2
EXインゴットグリーヴ,0,1,7,1,5,99,41,116,-2,-2,2,0,0,砲術,4,ガード強化,1,納刀,2,気まぐれ,-3,,,蛇と蛙チケット,1,フルクライト鉱石,24,絞蛇竜の延髄,4,ギルドチケットＳ,1
EXインゴットレギンス,0,2,7,1,5,99,21,78,-1,-1,3,1,1,反動,3,砲術,3,散弾強化,3,気まぐれ,-3,,,蛇と蛙チケット,1,フルクライト鉱石,24,絞蛇竜の延髄,4,ギルドチケットＳ,1
EXアーティアグリーヴ,0,1,7,1,8,99,52,123,0,-3,-3,2,3,匠,2,抜刀会心,3,研ぎ師,-2,気力回復,3,,,金獅子チケット,1,太古の破片,8,金獅子の闘魂,1,ギルドチケットＧ,1
EXアーティアレギンス,0,2,7,1,8,99,26,79,1,-2,-2,3,4,装填速度,-2,痛撃,2,装填数,3,精密射撃,3,,,金獅子チケット,1,太古の破片,8,金獅子の闘魂,1,ギルドチケットＧ,1
EXゴアグリーヴ,0,1,7,2,8,99,58,125,-5,3,-3,2,-2,細菌学,1,回避術,1,闘魂,3,火耐性,-3,,,黒蝕竜チケット,1,天廻龍の上鱗,8,黒蝕竜の鋭惨爪,6,ギルドチケットＧ,1
EXゴアレギンス,0,2,7,2,8,99,29,80,-4,4,-2,3,-1,細菌学,1,回避術,1,闘魂,3,火耐性,-3,,,黒蝕竜チケット,1,天廻龍の上鱗,8,黒蝕竜の鋭惨爪,6,ギルドチケットＧ,1
EXリベリオングリーヴ,0,1,7,2,8,99,81,134,3,3,-2,-2,-3,怒,2,強欲,2,攻撃,-4,狂撃耐性,1,,,蛇王龍チケット,1,蛇王龍の鉤爪,6,天剣の龍玉,2,ギルドチケットＧ,2
EXライオットレギンス,0,2,7,2,8,99,41,83,4,4,-1,-1,-2,怒,2,強欲,2,攻撃,-4,狂撃耐性,1,,,蛇王龍チケット,1,蛇王龍の鉤爪,6,天剣の龍玉,2,ギルドチケットＧ,2
パティシエブーツ,0,1,7,2,4,99,58,125,4,2,2,2,-5,効果持続,3,火属性攻撃,3,食欲,2,,,,,ユクモチケット,1,千刃竜の刻爪,1,影蜘蛛の堅殻,2,高級お食事券,1
パティシエフット,0,2,7,2,4,99,29,80,5,3,3,3,-4,効果持続,2,火属性攻撃,3,食欲,2,,,,,ユクモチケット,1,千刃竜の刻爪,1,影蜘蛛の堅殻,2,高級お食事券,1
ブナハＸブーツ,0,1,8,2,9,99,72,129,-5,-1,2,-1,3,攻撃,-1,特殊攻撃,3,納刀,2,麻痺,2,,,飛甲虫の斬羽,2,飛甲虫の堅殻,3,重厚な牙,1,モンスターの濃汁,3
ブナハＸフット,0,2,8,2,9,99,38,84,-4,0,3,0,4,攻撃,-1,特殊攻撃,3,納刀,2,麻痺,2,,,飛甲虫の斬羽,2,飛甲虫の堅殻,3,重厚な牙,1,モンスターの濃汁,3
リノプロＸグリーヴ,0,1,8,2,9,99,70,127,2,-1,-1,-1,1,砲術,2,KO,3,気絶,-1,耐泥耐雪,2,,,草食竜の重骨,3,堅竜骨,6,エルトライト鉱石,2,,
リノプロＸレギンス,0,2,8,2,9,99,36,82,3,0,0,0,2,砲術,2,KO,3,気絶,-1,耐泥耐雪,2,,,草食竜の重骨,3,堅竜骨,6,エルトライト鉱石,2,,
イーオスＸグリーヴ,0,1,8,3,9,99,80,135,0,-4,-4,3,3,属性解放,2,特殊攻撃,1,毒,2,気絶,-2,,,イーオスの厚皮,2,イーオスの上皮,2,堅牢な鳥竜骨,3,幻鳥竜玉,1
イーオスＸレギンス,0,2,8,3,9,99,43,88,1,-3,-3,4,4,属性解放,2,特殊攻撃,1,毒,2,気絶,-2,,,イーオスの厚皮,2,イーオスの上皮,2,堅牢な鳥竜骨,3,幻鳥竜玉,1
ガレオスＸグリーヴ,0,1,8,0,9,99,74,131,3,0,-2,-3,1,防御,5,千里眼,2,耐暑,1,腹減り,3,気絶,-3,砂竜の厚鱗,5,砂竜の紫鱗,1,砂竜の特上ヒレ,4,重厚な牙,3
ガレオスＸレギンス,0,2,8,0,9,99,40,86,4,1,-1,-2,2,防御,5,千里眼,2,耐暑,1,腹減り,3,気絶,-3,砂竜の厚鱗,5,砂竜の紫鱗,1,砂竜の特上ヒレ,4,重厚な牙,3
ウルクＸグリーヴ,0,1,8,2,9,99,80,135,-3,2,-1,2,2,回避距離,2,納刀,2,効果持続,1,耐暑,-2,耐寒,1,白兎獣の豪剛毛,3,重厚な骨,4,重厚な牙,2,肉厚な厚皮,4
ウルクＸレギンス,0,2,8,2,9,99,43,88,-2,3,0,3,3,回避距離,2,納刀,2,効果持続,1,耐暑,-2,耐寒,1,白兎獣の豪剛毛,3,重厚な骨,4,重厚な牙,2,肉厚な厚皮,4
ケチャＸグリーヴ,0,1,8,2,9,99,74,131,-5,3,-3,0,3,運気,-1,水属性攻撃,2,体術,2,気まぐれ,4,,,奇猿狐の重長骨,2,奇猿狐の豪剛毛,4,奇猿狐の靭尾,1,皇帝バッタ,3
ケチャＸレギンス,0,2,8,2,9,99,40,86,-4,4,-2,1,4,運気,-1,水属性攻撃,2,体術,2,気まぐれ,4,,,奇猿狐の重長骨,2,奇猿狐の豪剛毛,4,奇猿狐の靭尾,1,皇帝バッタ,3
ケチャＺグリーヴ,0,1,8,1,9,99,76,133,3,-5,-2,-3,3,対防御DOWN,2,火属性攻撃,2,水耐性,-1,体術,3,,,白猿狐の重長骨,2,白猿狐の豪剛毛,4,白猿狐の靭尾,1,皇帝バッタ,3
ケチャＺレギンス,0,2,8,1,9,99,41,87,4,-4,-1,-2,4,対防御DOWN,2,火属性攻撃,2,水耐性,-1,体術,3,,,白猿狐の重長骨,2,白猿狐の豪剛毛,4,白猿狐の靭尾,1,皇帝バッタ,3
コンガＸグリーヴ,0,1,8,1,9,99,74,131,-4,1,1,-1,3,細菌学,2,特殊攻撃,3,食いしん坊,2,腹減り,-2,茸食,1,桃毛獣の豪剛毛,3,堅牢な鳥竜骨,2,重厚な骨,2,ユニオン鉱石,4
コンガＸレギンス,0,2,8,1,9,99,40,86,-3,2,2,0,4,細菌学,2,特殊攻撃,3,食いしん坊,2,腹減り,-2,茸食,1,桃毛獣の豪剛毛,3,堅牢な鳥竜骨,2,重厚な骨,2,ユニオン鉱石,4
コンガＺグリーヴ,0,1,8,3,9,99,76,133,1,0,0,-4,3,底力,3,爆弾強化,2,腹減り,-1,茸食,3,,,緑毛獣の豪剛毛,3,堅牢な牙獣牙,4,重厚な骨,2,ユニオン鉱石,4
コンガＺレギンス,0,2,8,3,9,99,41,87,2,1,1,-3,4,底力,3,爆弾強化,2,腹減り,-1,茸食,3,,,緑毛獣の豪剛毛,3,堅牢な牙獣牙,4,重厚な骨,2,ユニオン鉱石,4
ゲリョスＸグリーヴ,0,1,8,1,9,99,75,132,-5,2,3,-2,0,達人,3,スタミナ,4,腹減り,-2,毒,1,,,ゴム質の特上皮,4,モンスターの特濃,2,ピュアクリスタル,1,堅牢な鳥竜骨,5
ゲリョスＸレギンス,0,2,8,1,9,99,40,86,-4,3,4,-1,1,達人,2,スタミナ,4,腹減り,-2,毒,1,,,ゴム質の特上皮,4,モンスターの特濃,2,ピュアクリスタル,1,堅牢な鳥竜骨,5
ゲリョスＺグリーヴ,0,1,8,0,9,99,77,134,-5,2,3,-2,0,匠,2,達人,-1,気力回復,3,風圧,3,気絶,3,ゴム質の紫柔皮,3,モンスターの特濃,2,ピュアクリスタル,1,劇烈毒袋,2
ゲリョスＺレギンス,0,2,8,0,9,99,41,87,-4,3,4,-1,1,達人,-1,装填数,2,気力回復,3,風圧,3,気絶,3,ゴム質の紫柔皮,3,モンスターの特濃,2,ピュアクリスタル,1,劇烈毒袋,2
ザザミＸグリーヴ,0,1,8,1,9,99,75,132,-3,3,-4,0,1,防御,3,ガード性能,4,雷耐性,-2,節食,2,,,盾蟹の剛爪,2,盾蟹の重殻,2,極上黒真珠,1,ユニオン鉱石,10
ザザミＸレギンス,0,2,8,1,9,99,40,86,-2,4,-3,1,2,防御,3,精密射撃,4,雷耐性,-2,節食,2,,,盾蟹の剛爪,2,盾蟹の重殻,2,極上黒真珠,1,ユニオン鉱石,10
ザザミＺグリーヴ,0,1,8,1,9,99,86,137,0,3,-2,-4,1,抜刀会心,3,ガード性能,3,スタミナ,-2,根性,2,体術,3,盾蟹の紫爪,2,盾蟹の紫殻,3,鋭利な爪,3,エルトライト鉱石,6
ザザミＺレギンス,0,2,8,1,9,99,46,89,1,6,-1,-2,2,反動,3,根性,2,装填数,-2,貫通弾強化,3,拡散弾追加,3,盾蟹の紫爪,2,盾蟹の紫殻,3,鋭利な爪,3,エルトライト鉱石,6
カブラＸグリーヴ,0,1,8,0,9,99,78,135,3,-5,-4,0,2,胴系統倍加,1,,,,,,,,,鬼蛙の剛爪,2,鬼蛙の重殻,3,鬼蛙の厚鱗,3,重厚な骨,2
カブラＸレギンス,0,2,8,0,9,99,42,88,4,-4,-3,1,3,胴系統倍加,1,,,,,,,,,鬼蛙の剛爪,2,鬼蛙の重殻,3,鬼蛙の厚鱗,3,重厚な骨,2
カブラＺグリーヴ,0,1,8,1,9,99,80,137,3,0,-4,-5,2,属性解放,2,聴覚保護,2,ガード強化,1,研ぎ師,-1,爆弾強化,2,荒鬼蛙の剛爪,2,荒鬼蛙の重殻,3,荒鬼蛙の厚鱗,3,重厚な骨,2
カブラＺレギンス,0,2,8,1,9,99,43,89,4,1,-3,-4,3,属性解放,2,装填速度,-1,聴覚保護,2,ガード強化,1,爆弾強化,2,荒鬼蛙の剛爪,2,荒鬼蛙の重殻,3,荒鬼蛙の厚鱗,3,重厚な骨,2
スキュラＸグリーヴ,0,1,8,2,9,99,82,135,-3,3,-3,2,3,達人,4,観察眼,2,腹減り,-2,睡眠,2,,,影蜘蛛の重殻,3,影蜘蛛の秘棘,2,モンスターの特濃,5,盾虫の重殻,5
スキュラＸレギンス,0,2,8,2,9,99,44,88,-2,4,-2,3,4,達人,4,観察眼,2,腹減り,-2,睡眠,2,,,影蜘蛛の重殻,3,影蜘蛛の秘棘,2,モンスターの特濃,5,盾虫の重殻,5
ザボアＸグリーヴ,0,1,8,1,9,99,84,135,-4,3,-5,3,0,重撃,3,氷属性攻撃,3,肉食,3,食事,1,腹減り,-2,化け鮫の厚鱗,2,化け鮫の厚皮,4,化け鮫の特上ヒレ,2,瞬間凍結袋,3
ザボアＸレギンス,0,2,8,1,9,99,45,88,-3,4,-4,4,1,重撃,3,氷属性攻撃,3,肉食,3,食事,2,腹減り,-2,化け鮫の厚鱗,2,化け鮫の厚皮,4,化け鮫の特上ヒレ,2,瞬間凍結袋,3
ザボアＺグリーヴ,0,1,8,2,9,99,86,137,2,3,-4,-5,0,気力回復,3,回復速度,2,耐震,2,裂傷,-1,,,虎鮫の厚鱗,2,虎鮫の厚皮,4,虎鮫の特上ヒレ,2,強力麻痺袋,3
ザボアＺレギンス,0,2,8,2,9,99,46,89,3,4,-3,-4,1,気力回復,2,回復速度,2,耐震,2,裂傷,-1,,,虎鮫の厚鱗,2,虎鮫の厚皮,4,虎鮫の特上ヒレ,2,強力麻痺袋,3
ガララＸグリーヴ,0,1,8,0,9,99,86,137,3,-3,0,-5,3,痛撃,2,捕獲,5,聴覚保護,3,気まぐれ,-3,麻痺,1,絞蛇竜の重殻,5,絞蛇竜の重鳴甲,6,重竜骨,3,堅竜骨,3
ガララＸレギンス,0,2,8,0,9,99,46,89,4,-2,1,-4,4,痛撃,2,捕獲,5,聴覚保護,3,気まぐれ,-3,麻痺,1,絞蛇竜の重殻,5,絞蛇竜の重鳴甲,6,重竜骨,3,堅竜骨,3
ガララＺグリーヴ,0,1,8,3,9,99,88,139,-5,3,-3,4,3,抜刀減気,1,研ぎ師,1,水属性攻撃,5,気力回復,-2,,,水蛇竜の重殻,5,水蛇竜の撥水甲,4,重竜骨,3,堅竜骨,3
ガララＺレギンス,0,2,8,3,9,99,47,90,-4,4,-2,5,4,装填速度,1,速射,1,水属性攻撃,5,気力回復,-2,,,水蛇竜の重殻,5,水蛇竜の撥水甲,4,重竜骨,3,堅竜骨,3
フルフルＸグリーヴ,0,1,8,2,9,99,84,135,-5,1,1,2,1,雷属性攻撃,5,回復速度,3,気絶,-1,,,,,真珠色の艶皮,3,エルトライト鉱石,3,皇帝バッタ,4,ノヴァクリスタル,2
フルフルＸレギンス,0,2,8,2,9,99,45,88,-4,2,2,3,2,雷属性攻撃,5,回復速度,3,気絶,-1,,,,,真珠色の艶皮,3,エルトライト鉱石,3,皇帝バッタ,4,ノヴァクリスタル,2
フルフルＺグリーヴ,0,1,8,2,9,99,86,137,1,-5,1,2,1,回復量,2,広域,2,回復速度,-2,節食,3,,,魅惑色の艶皮,2,魅惑色の剛翼,2,モンスターの特濃,2,エルトライト鉱石,3
フルフルＺレギンス,0,2,8,2,9,99,46,89,2,-4,2,3,2,回復量,2,広域,2,回復速度,-2,節食,3,,,魅惑色の艶皮,2,魅惑色の剛翼,2,モンスターの特濃,2,エルトライト鉱石,3
レイアＸグリーヴ,0,1,8,2,9,99,84,135,3,0,-2,0,-4,体力,5,火属性攻撃,3,回復量,1,回復速度,-2,,,雌火竜の重殻,4,雌火竜の厚鱗,4,重竜骨,3,ユニオン鉱石,5
レイアＸレギンス,0,2,8,2,9,99,45,88,4,1,-1,1,-3,体力,5,火属性攻撃,3,回復量,1,回復速度,-2,,,雌火竜の重殻,4,雌火竜の厚鱗,4,重竜骨,3,ユニオン鉱石,5
リオハートＺグリーヴ,0,1,8,1,9,99,86,137,3,0,-2,0,-4,底力,3,火属性攻撃,1,風圧,4,気配,-1,,,桜火竜の重殻,2,桜火竜の厚鱗,4,重竜骨,3,エルトライト鉱石,5
リオハートＺレギンス,0,2,8,1,9,99,46,89,4,1,-1,1,-3,底力,3,火属性攻撃,1,風圧,4,気配,-1,,,桜火竜の重殻,2,桜火竜の厚鱗,4,重竜骨,3,エルトライト鉱石,5
ランポスＸグリーヴ,0,1,8,0,9,99,74,131,0,0,0,-5,3,胴系統倍加,1,,,,,,,,,ランポスの剛爪,2,強靭な鳥竜皮,3,堅牢な鳥竜骨,4,カブレライト鉱石,4
ランポスＸレギンス,0,2,8,0,9,99,40,86,1,1,1,-4,4,胴系統倍加,1,,,,,,,,,ランポスの剛爪,2,強靭な鳥竜皮,3,堅牢な鳥竜骨,4,カブレライト鉱石,4
クックＸグリーヴ,0,1,8,2,9,99,74,131,3,0,-2,-4,2,攻撃,4,聴覚保護,-2,スタミナ,2,火耐性,3,,,怪鳥の福耳,1,怪鳥の重殻,2,怪鳥の剛翼,2,ランポスの剛爪,4
クックＸレギンス,0,2,8,2,9,99,40,86,4,1,-1,-3,3,攻撃,4,聴覚保護,-2,スタミナ,2,火耐性,3,,,怪鳥の福耳,1,怪鳥の重殻,2,怪鳥の剛翼,2,ランポスの剛爪,4
クックＺグリーヴ,0,1,8,2,9,99,76,133,3,-4,-3,0,2,抜刀会心,3,達人,3,火属性攻撃,2,水耐性,-2,,,青怪鳥の重殻,2,怪鳥の福耳,1,怪鳥の剛翼,2,ランポスの剛爪,4
クックＺレギンス,0,2,8,2,9,99,41,87,4,-3,-2,1,3,速射,3,達人,3,火属性攻撃,2,水耐性,-2,,,青怪鳥の重殻,2,怪鳥の福耳,1,怪鳥の剛翼,2,ランポスの剛爪,4
バサルＸグリーヴ,0,1,8,2,9,99,86,137,-1,-2,1,1,-3,抜刀減気,2,納刀,1,食事,2,腹減り,-2,耐泥耐雪,3,岩竜の重殻,3,エルトライト鉱石,5,劇烈毒袋,3,堅牢な鳥竜骨,5
バサルＸレギンス,0,2,8,2,9,99,46,89,0,-1,2,2,-2,納刀,1,減気攻撃,2,食事,2,腹減り,-2,耐泥耐雪,2,岩竜の重殻,3,エルトライト鉱石,5,劇烈毒袋,3,堅牢な鳥竜骨,5
バサルＺグリーヴ,0,1,8,2,9,99,88,139,0,-2,0,-3,1,回避術,2,ガード性能,2,耐暑,1,毒,2,麻痺,-2,桃岩竜の重殻,3,エルトライト鉱石,5,ランポスの剛爪,2,堅牢な鳥竜骨,3
バサルＺレギンス,0,2,8,2,9,99,47,90,1,-1,1,-2,2,回避術,2,通常弾強化,1,耐暑,1,毒,2,麻痺,-2,桃岩竜の重殻,3,エルトライト鉱石,5,ランポスの剛爪,2,堅牢な鳥竜骨,3
ペッコＸグリーヴ,0,1,8,2,9,99,75,132,2,-1,0,-3,0,氷耐性,-1,観察眼,2,広域,3,笛,3,,,彩鳥の厚鱗,2,徹甲虫の重殻,2,堅竜骨,4,,
ペッコＸレギンス,0,2,8,2,9,99,40,86,3,0,1,-2,1,氷耐性,-1,観察眼,2,広域,3,笛,3,,,彩鳥の厚鱗,2,徹甲虫の重殻,2,堅竜骨,4,,
ボロスＸグリーヴ,0,1,8,2,9,99,85,136,4,-4,1,-2,0,攻撃,4,ガード性能,2,体術,2,腹減り,-2,,,土砂竜の重殻,2,重竜骨,2,草食竜の重骨,3,,
ボロスＸレギンス,0,2,8,2,9,99,45,88,5,-3,2,-1,1,攻撃,4,精密射撃,2,体術,2,腹減り,-2,,,土砂竜の重殻,2,重竜骨,2,草食竜の重骨,3,,
ガブルＸグリーヴ,0,1,8,3,9,99,85,136,-2,3,-4,0,1,達人,1,食事,2,回復速度,-2,,,,,灯魚竜の秘棘,1,灯魚竜の厚皮,1,化け鮫の特上ヒレ,2,化け鮫の厚皮,1
ガブルＸレギンス,0,2,8,3,9,99,45,88,-1,4,-3,1,2,達人,1,食事,2,回復速度,-2,,,,,灯魚竜の秘棘,1,灯魚竜の厚皮,1,化け鮫の特上ヒレ,2,化け鮫の厚皮,1
ハプルＸグリーヴ,0,1,8,0,9,99,85,136,2,0,-2,-4,1,匠,3,抜刀減気,3,納刀,3,雷属性攻撃,-2,食事,5,潜口竜の重殻,3,モンスターの特濃,3,草食竜の重骨,3,,
ハプルＸレギンス,0,2,8,0,9,99,45,88,3,1,-1,-3,2,属性解放,3,装填速度,4,納刀,3,貫通弾強化,3,雷属性攻撃,-2,潜口竜の重殻,3,モンスターの特濃,3,草食竜の重骨,3,,
ベリオＸグリーヴ,0,1,8,1,9,99,87,138,-5,0,-1,3,0,回避性能,4,氷属性攻撃,3,体術,3,気力回復,-2,,,氷牙竜の厚毛皮,5,重厚な牙,3,白兎獣の豪剛毛,4,,
ベリオＸレギンス,0,2,8,1,9,99,47,90,-4,1,0,4,1,回避性能,3,氷属性攻撃,2,体術,3,気力回復,-2,,,氷牙竜の厚毛皮,5,重厚な牙,3,白兎獣の豪剛毛,4,,
アグナＸグリーヴ,0,1,8,2,9,99,88,139,3,-5,0,-1,0,斬れ味,2,ガード性能,2,底力,-2,火属性攻撃,3,,,炎戈竜の重殻,3,鬼蛙の重殻,3,堅牢な鳥竜骨,4,,
アグナＸレギンス,0,2,8,2,9,99,47,90,4,-4,1,0,1,底力,-2,装填数,1,通常弾強化,2,精密射撃,2,火属性攻撃,3,炎戈竜の重殻,3,鬼蛙の重殻,3,堅牢な鳥竜骨,4,,
ガノスＺグリーヴ,0,1,8,2,9,99,80,135,-4,4,-4,2,0,捕獲,3,スタミナ,3,耐暑,1,高速設置,1,,,翠水竜の厚鱗,1,翠水竜の特上ビレ,1,ピュアクリスタル,2,,
ガノスＺレギンス,0,2,8,2,9,99,43,88,-2,6,-2,3,1,捕獲,2,スタミナ,3,耐暑,1,高速設置,1,,,翠水竜の厚鱗,1,翠水竜の特上ビレ,1,ピュアクリスタル,2,,
ホクシン【袴】,0,1,8,2,9,99,84,135,-2,4,-2,3,2,体力,5,水属性攻撃,4,北辰納豆流,2,,,,,交易船チケット,1,虎鮫の厚皮,3,極上黒真珠,1,,
カイエン【袴】,0,2,8,2,9,99,45,88,-1,5,-1,4,3,体力,5,水属性攻撃,4,北辰納豆流,2,,,,,交易船チケット,1,虎鮫の厚皮,3,極上黒真珠,1,,
オウビートＸガンバ,1,1,8,1,9,99,72,129,3,-5,3,-4,2,採取,3,回避性能,4,特殊攻撃,2,耐寒,-2,,,ドスツノアゲハ,1,皇帝バッタ,3,特大水袋,3,,
オウビートＸフェムル,1,2,8,1,9,99,38,84,4,-4,5,-3,2,採取,3,回避性能,3,特殊攻撃,2,耐寒,-2,,,ドスツノアゲハ,1,皇帝バッタ,3,特大水袋,3,,
パピメルＸガンバ,2,1,8,1,9,99,72,129,3,-5,3,-4,2,採取,3,回避性能,4,特殊攻撃,2,耐寒,-2,,,ドスツノアゲハ,1,皇帝バッタ,3,特大水袋,3,,
パピメルＸフェムル,2,2,8,1,9,99,38,84,4,-4,5,-3,2,採取,3,回避性能,3,特殊攻撃,2,耐寒,-2,,,ドスツノアゲハ,1,皇帝バッタ,3,特大水袋,3,,
ロワーガＸガンバ,1,1,8,2,10,99,92,141,-4,0,3,-1,1,聴覚保護,5,龍属性攻撃,2,加護,-1,ハチミツ,3,,,ドスクワアゲハ,1,コスモライト鉱石,2,モンスターの特濃,3,ツチハチノコ,15
ロワーガＸフェムル,1,2,8,2,10,99,50,91,-3,1,4,0,2,聴覚保護,5,龍属性攻撃,2,加護,-1,ハチミツ,3,,,ドスクワアゲハ,1,コスモライト鉱石,2,モンスターの特濃,3,ツチハチノコ,15
ファルメルＸガンバ,2,1,8,2,10,99,92,141,-4,0,3,-1,1,聴覚保護,5,龍属性攻撃,2,加護,-1,ハチミツ,3,,,ドスクワアゲハ,1,コスモライト鉱石,2,モンスターの特濃,3,ツチハチノコ,15
ファルメルＸフェムル,2,2,8,2,10,99,50,91,-3,1,4,0,2,聴覚保護,5,龍属性攻撃,2,加護,-1,ハチミツ,3,,,ドスクワアゲハ,1,コスモライト鉱石,2,モンスターの特濃,3,ツチハチノコ,15
ガーディアンＸブーツ,1,1,8,2,9,99,80,135,0,0,0,0,0,採取,-2,運気,1,砲術,3,千里眼,2,加護,2,エルトライト鉱石,2,クロオビコインＧ,3,ガマのコインＧ,3,,
ガーディアンＸフット,1,2,8,2,9,99,43,88,1,1,1,1,1,採取,-2,運気,1,千里眼,2,広域,2,加護,2,エルトライト鉱石,2,クロオビコインＧ,3,ガマのコインＧ,3,,
ヘルパーＸソックス,2,1,8,2,9,99,80,135,0,0,0,0,0,採取,-2,運気,1,砲術,3,千里眼,2,加護,2,エルトライト鉱石,2,クロオビコインＧ,3,ガマのコインＧ,3,,
ヒーラーＸソックス,2,2,8,2,9,99,43,88,1,1,1,1,1,採取,-2,運気,1,千里眼,2,広域,2,加護,2,エルトライト鉱石,2,クロオビコインＧ,3,ガマのコインＧ,3,,
レギオスＸグリーヴ,0,1,9,2,10,99,92,145,3,0,-3,-2,0,研ぎ師,-2,体術,3,裂傷,2,斬術,1,,,千刃竜の斬刃鱗,5,千刃竜の閃裂爪,5,千刃竜の斬翼爪,3,重竜骨,6
レギオスＸレギンス,0,2,9,2,10,99,50,94,4,1,-2,-1,1,装填速度,-2,反動,3,体術,3,裂傷,3,,,千刃竜の斬刃鱗,5,千刃竜の閃裂爪,5,千刃竜の斬翼爪,3,重竜骨,6
スキュラＺグリーヴ,0,1,9,2,10,99,92,141,-1,3,0,-3,3,剥ぎ取り,3,達人,1,体力,-2,回避距離,2,特殊会心,2,骸蜘蛛の重殻,3,強力麻痺袋,4,重厚な牙,2,モンスターの特濃,5
スキュラＺレギンス,0,2,9,2,10,99,50,91,0,4,1,-2,4,剥ぎ取り,3,達人,1,体力,-2,回避距離,2,特殊会心,2,骸蜘蛛の重殻,3,強力麻痺袋,4,重厚な牙,2,モンスターの特濃,5
レウスＸグリーヴ,0,1,9,1,10,99,92,141,3,0,-2,0,-4,刀匠,3,攻撃,3,火属性攻撃,3,回復量,-2,,,火竜の重殻,6,火竜の天鱗,1,火竜の厚鱗,3,獄炎石,4
レウスＸレギンス,0,2,9,1,10,99,50,91,4,1,-1,1,-3,射手,3,攻撃,3,火属性攻撃,3,回復量,-2,,,火竜の重殻,6,火竜の天鱗,1,火竜の厚鱗,3,獄炎石,4
リオソウルＺグリーヴ,0,1,9,1,10,99,94,143,3,0,0,-2,-4,達人,4,体力,-2,聴覚保護,4,斬れ味,4,属性会心,2,蒼火竜の重殻,2,蒼火竜の厚鱗,3,火竜の天鱗,1,真紅蓮石,2
リオソウルＺレギンス,0,2,9,1,10,99,51,92,4,1,1,-1,-3,達人,4,体力,-2,聴覚保護,3,通常弾強化,4,属性会心,3,蒼火竜の重殻,2,蒼火竜の厚鱗,3,火竜の天鱗,1,真紅蓮石,2
レックスＸグリーヴ,0,1,9,0,10,99,96,143,2,-1,-4,0,-2,闘魂,3,攻撃,4,研ぎ師,-2,千里眼,4,食いしん坊,3,轟竜の厚鱗,6,轟竜の剛爪,4,轟竜の重殻,2,盾虫の重殻,4
レックスＸレギンス,0,2,9,0,10,99,52,92,3,0,-3,1,-1,反動,-2,闘魂,3,攻撃,4,千里眼,4,食いしん坊,3,轟竜の厚鱗,6,轟竜の剛爪,4,轟竜の重殻,2,盾虫の重殻,4
レックスＺグリーヴ,0,1,9,2,10,99,97,144,2,-4,-2,0,-1,聴覚保護,2,研ぎ師,-2,観察眼,2,食事,2,高速設置,3,黒轟竜の厚鱗,5,黒轟竜の剛爪,5,黒轟竜の重殻,3,鬼蛙の重殻,2
レックスＺレギンス,0,2,9,2,10,99,54,94,3,-3,-1,1,0,反動,-2,聴覚保護,2,観察眼,2,食事,2,高速設置,3,黒轟竜の厚鱗,5,黒轟竜の剛爪,5,黒轟竜の重殻,3,鬼蛙の重殻,2
ジンオウＸグリーヴ,0,1,9,1,10,99,90,139,0,-2,3,-4,1,匠,2,本気,4,斬れ味,2,雷属性攻撃,4,気配,-3,雷狼竜の重殻,5,雷狼竜の剛爪,5,雷狼竜の雷電殻,3,超電雷光虫,10
ジンオウＸレギンス,0,2,9,1,10,99,49,90,1,-1,4,-3,2,装填速度,3,本気,4,根性,1,雷属性攻撃,4,気配,-3,雷狼竜の重殻,5,雷狼竜の剛爪,5,雷狼竜の雷電殻,3,超電雷光虫,10
ジンオウＺグリーヴ,0,1,9,2,10,99,94,143,0,-4,-5,0,4,回避性能,3,溜め短縮,1,無傷,3,龍属性攻撃,2,回復量,-2,獄狼竜の重殻,5,獄狼竜の剛爪,5,獄狼竜の滅龍殻,3,蝕龍蟲,10
ジンオウＺレギンス,0,2,9,2,10,99,51,92,1,-3,-4,1,5,回避性能,2,無傷,2,装填数,1,龍属性攻撃,2,回復量,-3,獄狼竜の重殻,5,獄狼竜の剛爪,5,獄狼竜の滅龍殻,3,蝕龍蟲,10
セルタスＸグリーヴ,0,1,9,1,10,99,96,143,-4,3,-1,-3,3,属性解放,2,捕獲,4,砲術,2,斬れ味,2,気力回復,-2,重甲虫の剛爪,3,重甲虫の重胸殻,5,重甲虫の重顎,2,特濃重甲エキス,1
セルタスＸレギンス,0,2,9,1,10,99,52,92,-3,4,0,-2,4,属性解放,2,砲術,2,装填数,3,榴弾追加,2,気力回復,-2,重甲虫の剛爪,3,重甲虫の重胸殻,5,重甲虫の重顎,2,特濃重甲エキス,1
セルタスＺグリーヴ,0,1,9,2,10,99,97,144,3,-1,-3,-4,3,砲術,2,斬れ味,-2,重撃,2,装填数,2,気力回復,2,砲甲虫の剛爪,3,砲甲虫の重胸殻,5,砲甲虫の重顎,2,特濃重甲エキス,1
セルタスＺレギンス,0,2,9,2,10,99,54,94,4,0,-2,-3,4,砲術,2,重撃,2,散弾強化,2,榴弾追加,4,精密射撃,-2,砲甲虫の剛爪,3,砲甲虫の重胸殻,5,砲甲虫の重顎,2,特濃重甲エキス,1
グラビドＸグリーヴ,0,1,9,2,10,99,96,143,3,-4,0,2,-3,防御,4,ガード性能,2,ガード強化,2,スタミナ,-1,,,鎧竜の重殻,2,昏睡袋,2,重竜骨,2,マボロシチョウ,2
グラビドＸレギンス,0,2,9,2,10,99,52,92,4,-3,1,3,-2,反動,2,防御,4,ガード強化,2,スタミナ,-1,,,鎧竜の重殻,2,昏睡袋,2,重竜骨,2,マボロシチョウ,2
グラビドＺグリーヴ,0,1,9,2,10,99,97,144,3,-5,1,1,1,頑強,2,剣術,2,ガード強化,2,スタミナ,-3,納刀,1,黒鎧竜の重殻,2,鎧竜の延髄,1,重竜骨,3,ゴム質の特上皮,3
グラビドＺレギンス,0,2,9,2,10,99,54,94,4,-4,2,2,2,頑強,2,反動,2,ガード強化,2,スタミナ,-3,納刀,1,黒鎧竜の重殻,2,鎧竜の延髄,1,重竜骨,3,ゴム質の特上皮,3
ディアブロＸグリーヴ,0,1,9,3,10,99,96,143,2,0,0,-4,0,剣術,5,研ぎ師,-2,納刀,1,耐震,1,,,角竜の重殻,6,堅牢なねじれた角,5,重竜骨,3,角竜の重尾甲,1
ディアブロＸレギンス,0,2,9,3,10,99,53,93,3,1,1,-3,1,反動,5,納刀,1,貫通弾強化,2,精密射撃,-2,,,角竜の重殻,6,堅牢なねじれた角,5,重竜骨,3,角竜の重尾甲,1
ディアブロＺグリーヴ,0,1,9,3,10,99,98,145,4,0,0,-6,0,痛撃,1,減気攻撃,2,KO,2,龍属性攻撃,-2,,,黒角竜の重殻,5,草食竜の重骨,2,角竜の重尾甲,2,重竜骨,4
ディアブロＺレギンス,0,2,9,3,10,99,54,94,5,1,1,-5,1,装填速度,3,反動,2,痛撃,1,龍属性攻撃,-2,,,黒角竜の重殻,5,草食竜の重骨,2,角竜の重尾甲,2,重竜骨,4
ブラキＸグリーヴ,0,1,9,2,10,99,96,143,3,-4,0,-2,0,闘魂,3,回避性能,-2,底力,3,爆弾強化,2,回避距離,2,砕竜の重殻,4,砕竜の重黒曜甲,2,砕竜の剛鉄拳,2,コスモライト鉱石,3
ブラキＸレギンス,0,2,9,2,10,99,53,93,4,-3,1,-1,1,闘魂,3,回避性能,-2,底力,3,爆弾強化,2,回避距離,2,砕竜の重殻,4,砕竜の重黒曜甲,2,砕竜の剛鉄拳,2,コスモライト鉱石,3
バンギスＸグリーヴ,0,1,9,3,11,99,106,148,0,0,-4,1,-4,攻撃,1,斬れ味,3,腹減り,-2,,,,,恐暴竜の剛鉤爪,4,恐暴竜の厚黒鱗,6,太古龍骨,3,黒蝕竜の闇玉,1
バンギスＸレギンス,0,2,9,3,11,99,60,96,1,1,-3,2,-3,反動,2,攻撃,1,食事,1,腹減り,-2,,,恐暴竜の剛鉤爪,4,恐暴竜の厚黒鱗,6,太古龍骨,3,黒蝕竜の闇玉,1
ケイオスグリーヴ,1,1,9,3,11,99,106,148,-5,4,-3,2,-3,属性解放,2,攻撃,4,運気,-2,重撃,2,,,二律を纏う乱翼,2,渾沌の竜鱗,3,黒蝕竜の剛惨爪,3,ピュアクリスタル,2
ケイオスレギンス,1,2,9,3,11,99,60,96,-4,5,-2,3,-2,装填速度,2,攻撃,4,運気,-2,重撃,2,,,二律を纏う乱翼,2,渾沌の竜鱗,3,黒蝕竜の剛惨爪,3,ピュアクリスタル,2
ネフィリムグリーヴ,2,1,9,3,11,99,106,148,-5,4,-3,2,-3,属性解放,2,攻撃,4,運気,-2,重撃,2,,,二律を纏う乱翼,2,渾沌の竜鱗,3,黒蝕竜の剛惨爪,3,ピュアクリスタル,2
ネフィリムレギンス,2,2,9,3,11,99,60,96,-4,5,-2,3,-2,装填速度,2,攻撃,4,運気,-2,重撃,2,,,二律を纏う乱翼,2,渾沌の竜鱗,3,黒蝕竜の剛惨爪,3,ピュアクリスタル,2
ガルルガＸグリーヴ,0,1,9,2,10,99,95,142,3,-4,3,-4,1,達人,4,聴覚保護,2,斬れ味,2,納刀,3,,,黒狼鳥の厚鱗,5,黒狼鳥の重殻,3,黒狼鳥の剛翼,2,皇帝バッタ,4
ガルルガＸレギンス,0,2,9,2,10,99,52,92,4,-3,4,-3,2,反動,3,達人,4,聴覚保護,2,貫通弾強化,2,,,黒狼鳥の厚鱗,5,黒狼鳥の重殻,3,黒狼鳥の剛翼,2,皇帝バッタ,4
モノブロＸグリーヴ,0,1,9,2,10,99,96,143,0,2,-3,-4,2,属性解放,3,達人,4,底力,2,千里眼,2,加護,-2,一角竜の重殻,5,堅牢な真紅の角,2,一角竜の重甲,3,マボロシチョウ,3
モノブロＸレギンス,0,2,9,2,10,99,52,92,1,3,-2,-3,3,属性解放,3,達人,4,底力,2,千里眼,2,加護,-2,一角竜の重殻,5,堅牢な真紅の角,2,一角竜の重甲,3,マボロシチョウ,3
モノデビルグリーヴ,0,1,9,2,10,99,100,145,0,2,-3,-4,2,匠,2,達人,2,底力,2,スタミナ,2,加護,-2,白一角竜の重甲,2,白一角竜の重殻,5,堅牢な白銀の角,2,マボロシチョウ,3
モノデビルレギンス,0,2,9,2,10,99,55,94,1,3,-2,-3,3,達人,2,底力,2,スタミナ,2,装填数,2,加護,-2,白一角竜の重甲,2,白一角竜の重殻,5,堅牢な白銀の角,2,マボロシチョウ,3
ゴアＸグリーヴ,0,1,9,1,10,99,95,142,-5,3,-3,2,-2,細菌学,3,闘魂,3,属性攻撃,3,火耐性,-2,狂撃耐性,4,黒蝕竜の重殻,5,黒蝕竜の厚鱗,4,黒蝕竜の剛惨爪,5,ピュアクリスタル,1
ゴアＸレギンス,0,2,9,1,10,99,52,92,-4,4,-2,3,-1,細菌学,3,闘魂,3,属性攻撃,2,火耐性,-2,狂撃耐性,4,黒蝕竜の重殻,5,黒蝕竜の厚鱗,4,黒蝕竜の剛惨爪,5,ピュアクリスタル,1
ナルガＸグリーヴ,0,1,9,0,10,99,91,140,-2,1,-4,1,1,匠,2,回避性能,4,スタミナ,-2,回避距離,3,気配,3,迅竜の豪黒毛,2,迅竜の天鱗,1,大竜玉,1,,
ナルガＸレギンス,0,2,9,0,10,99,50,91,-1,2,-3,2,2,回避性能,4,スタミナ,-2,回避距離,3,装填数,2,気配,3,迅竜の豪黒毛,2,迅竜の天鱗,1,大竜玉,1,,
ラギアＸグリーヴ,0,1,9,2,10,99,93,142,-5,1,3,-1,-1,属性解放,3,痛撃,2,特殊攻撃,-2,溜め短縮,3,加護,2,海竜の厚鱗,3,海竜の雷電殻,2,水蛇竜の厚皮,3,大竜玉,1
ラギアＸレギンス,0,2,9,2,10,99,51,92,-4,2,4,0,0,属性解放,2,痛撃,2,特殊攻撃,-2,溜め短縮,3,加護,2,海竜の厚鱗,3,海竜の雷電殻,2,水蛇竜の厚皮,3,大竜玉,1
ドボルＸグリーヴ,0,1,9,2,10,99,96,143,-4,2,1,-2,1,抜刀減気,2,攻撃,1,達人,-1,減気攻撃,3,逆境,2,尾槌竜の重殻,4,重厚な骨,5,極上の毛皮,4,,
ドボルＸレギンス,0,2,9,2,10,99,52,92,-3,3,2,-1,2,攻撃,1,達人,-2,溜め短縮,3,減気攻撃,2,逆境,1,尾槌竜の重殻,4,重厚な骨,5,極上の毛皮,4,,
ラヴァＸグリーヴ,0,1,9,2,10,99,98,145,2,-3,0,0,1,盾持,1,回復速度,3,気配,-2,燃鱗,2,,,溶岩竜の厚鱗,3,溶岩竜の特上ビレ,1,堅牢な鳥竜骨,5,,
ラヴァＸレギンス,0,2,9,2,10,99,54,94,3,-2,1,1,2,盾持,1,回復速度,3,気配,-2,燃鱗,2,,,溶岩竜の厚鱗,3,溶岩竜の特上ビレ,1,堅牢な鳥竜骨,5,,
アーティアＸグリーヴ,0,1,9,1,10,99,92,141,0,-3,-3,2,3,属性解放,5,匠,2,ガード強化,3,気力回復,1,,,歪んだ破片,5,真紅蓮石,3,太古の破片,2,メランジェ鉱石,5
アーティアＸレギンス,0,2,9,1,10,99,50,91,1,-2,-2,3,4,属性解放,3,反動,3,速射,4,精密射撃,1,,,歪んだ破片,5,真紅蓮石,3,太古の破片,2,メランジェ鉱石,5
ホークＸブーツ,1,1,9,1,11,99,106,148,2,-1,1,0,2,採取,5,納刀,2,狩人,2,指揮,3,腹減り,-3,旅団チケットＧ,1,高級お食事券,2,翠水竜の特上ビレ,3,星石の結晶,2
ホークＸフット,1,2,9,1,11,99,60,96,3,0,2,1,3,採取,5,納刀,1,狩人,2,指揮,3,腹減り,-3,旅団チケットＧ,1,高級お食事券,2,翠水竜の特上ビレ,3,星石の結晶,2
エコールＸブーツ,2,1,9,1,11,99,106,148,2,-1,1,0,2,採取,5,納刀,2,狩人,2,指揮,3,腹減り,-3,旅団チケットＧ,1,高級お食事券,2,翠水竜の特上ビレ,3,星石の結晶,2
エコールＸフット,2,2,9,1,11,99,60,96,3,0,2,1,3,採取,5,納刀,1,狩人,2,指揮,3,腹減り,-3,旅団チケットＧ,1,高級お食事券,2,翠水竜の特上ビレ,3,星石の結晶,2
エースグリーヴ,1,1,9,3,10,99,92,141,3,0,0,0,2,潔癖,2,斬れ味,1,裂傷,-1,,,,,筆頭チケット,2,黒蝕竜の逆鱗,1,骸蜘蛛の秘棘,2,古龍の血,2
エースレギンス,1,2,9,3,10,99,50,91,4,1,1,1,3,潔癖,2,速射,1,裂傷,-1,,,,,筆頭チケット,2,黒蝕竜の逆鱗,1,骸蜘蛛の秘棘,2,古龍の血,2
クイーングリーヴ,2,1,9,3,10,99,92,141,3,0,0,0,2,潔癖,2,斬れ味,1,裂傷,-1,,,,,筆頭チケット,2,黒蝕竜の逆鱗,1,骸蜘蛛の秘棘,2,古龍の血,2
クイーンレギンス,2,2,9,3,10,99,50,91,4,1,1,1,3,潔癖,2,速射,1,裂傷,-1,,,,,筆頭チケット,2,黒蝕竜の逆鱗,1,骸蜘蛛の秘棘,2,古龍の血,2
ガーディアンＺブーツ,1,1,9,1,10,99,96,143,0,0,0,0,0,底力,-2,高速設置,3,乗り,3,節食,2,,,メランジェ鉱石,3,タツジンコインＧ,3,蟲のコインＧ,3,,
ガーディアンＺフット,1,2,9,1,10,99,53,93,1,1,1,1,1,底力,-2,高速設置,2,乗り,3,節食,2,,,メランジェ鉱石,3,タツジンコインＧ,3,蟲のコインＧ,3,,
ヘルパーＺソックス,2,1,9,1,10,99,96,143,0,0,0,0,0,底力,-2,高速設置,3,乗り,3,節食,2,,,メランジェ鉱石,3,タツジンコインＧ,3,蟲のコインＧ,3,,
ヒーラーＺタイツ,2,2,9,1,10,99,53,93,1,1,1,1,1,底力,-2,高速設置,2,乗り,3,節食,2,,,メランジェ鉱石,3,タツジンコインＧ,3,蟲のコインＧ,3,,
Ｇ・ナイトＸブーツ,1,1,9,0,12,99,110,150,0,0,0,0,0,胴系統倍加,1,,,,,,,,,真紅蓮石,3,デンセツコインＧ,3,飛竜のコインＧ,3,,
Ｇ・ナイトＸタイツ,1,2,9,0,12,99,64,97,1,1,1,1,1,胴系統倍加,1,,,,,,,,,真紅蓮石,3,デンセツコインＧ,3,飛竜のコインＧ,3,,
メイドＸソックス,2,1,9,0,12,99,110,150,0,0,0,0,0,胴系統倍加,1,,,,,,,,,真紅蓮石,3,デンセツコインＧ,3,飛竜のコインＧ,3,,
プライベートＸタイツ,2,2,9,0,12,99,64,97,1,1,1,1,1,胴系統倍加,1,,,,,,,,,真紅蓮石,3,デンセツコインＧ,3,飛竜のコインＧ,3,,
アークＸグリーヴ,1,1,10,3,11,99,109,151,-4,4,0,3,-6,匠,1,本気,3,火耐性,-2,狂撃耐性,5,,,天廻龍の重殻,5,天廻龍の厚鱗,4,天廻龍の剛浄爪,5,重竜骨,6
アークＸレギンス,1,2,10,3,11,99,63,98,-3,5,1,4,-5,本気,3,装填数,1,火耐性,-2,狂撃耐性,5,,,天廻龍の重殻,5,天廻龍の厚鱗,4,天廻龍の剛浄爪,5,重竜骨,6
フィリアＸグリーヴ,2,1,10,3,11,99,109,151,-4,4,0,3,-6,匠,1,本気,3,火耐性,-2,狂撃耐性,5,,,天廻龍の重殻,5,天廻龍の厚鱗,4,天廻龍の剛浄爪,5,重竜骨,6
フィリアＸレギンス,2,2,10,3,11,99,63,98,-3,5,1,4,-5,本気,3,装填数,1,火耐性,-2,狂撃耐性,5,,,天廻龍の重殻,5,天廻龍の厚鱗,4,天廻龍の剛浄爪,5,重竜骨,6
斉天ノ具足・真,0,1,10,2,11,99,106,148,2,1,3,-6,2,本気,2,闘魂,4,スタミナ,-2,雷属性攻撃,3,,,金獅子の剛角,2,金獅子の黒荒毛,2,鋭利な爪,3,大地の龍玉,1
仙師ノ具足・真,0,2,10,2,11,99,60,96,3,2,4,-5,3,装填速度,1,本気,2,闘魂,3,スタミナ,-1,雷属性攻撃,3,金獅子の剛角,2,金獅子の黒荒毛,2,鋭利な爪,3,大地の龍玉,1
怒天ノ具足・真,0,1,10,2,11,99,108,150,2,1,4,-7,2,本気,2,闘魂,4,スタミナ,-2,属性攻撃,4,,,金獅子の怒髪天,3,金獅子の剛角,2,金獅子の黒荒毛,4,怪鳥の福耳,2
心滅ノ具足・真,0,2,10,2,11,99,62,98,3,2,5,-6,3,本気,2,闘魂,4,スタミナ,-2,属性攻撃,3,,,金獅子の怒髪天,3,金獅子の剛角,2,金獅子の黒荒毛,4,怪鳥の福耳,2
クシャナＸペイル,0,1,10,3,11,99,109,151,-2,2,-5,5,-6,回避性能,2,溜め短縮,3,耐暑,3,毒,-2,,,鋼龍の重殻,6,鋼の厚龍鱗,4,鋼龍の剛爪,1,メランジェ鉱石,3
クシャナＸハディ,0,2,10,3,11,99,63,98,-1,3,-4,6,-5,回避性能,2,溜め短縮,3,耐暑,3,毒,-2,,,鋼龍の重殻,6,鋼の厚龍鱗,4,鋼龍の剛爪,1,メランジェ鉱石,3
クジュラペイル,0,1,10,3,12,99,116,152,3,-6,2,6,-5,回避距離,3,無傷,2,体術,2,毒,-1,,,錆鋼の龍殻,6,錆鋼の龍鱗,4,錆鋼の龍爪,1,メランジェ鉱石,3
クジュラハディ,0,2,10,3,12,99,69,98,4,-5,3,7,-4,回避距離,3,無傷,2,体術,2,毒,-1,,,錆鋼の龍殻,6,錆鋼の龍鱗,4,錆鋼の龍爪,1,メランジェ鉱石,3
カイザーＸグリーヴ,0,1,10,2,11,99,109,151,4,-6,1,-2,-2,細菌学,5,属性解放,3,剣術,1,攻撃,3,耐寒,-2,炎王龍の重殻,6,炎龍の塵粉,2,太古龍骨,3,炎龍の宝玉,1
カイザーＸレギンス,0,2,10,1,11,99,63,98,5,-5,2,-1,-1,細菌学,5,属性解放,3,装填速度,2,攻撃,3,耐寒,-2,炎王龍の重殻,6,炎龍の塵粉,2,太古龍骨,3,炎龍の宝玉,1
ミヅハ真【具足】,0,1,10,2,11,99,109,151,-4,3,0,4,-1,聴覚保護,3,特殊攻撃,4,風圧,3,耐暑,-1,特殊会心,2,霞龍の特上皮,4,霞龍の剛翼,3,メランジェ鉱石,5,,
トヨタマ真【具足】,0,2,10,2,11,99,63,98,-3,4,1,5,0,聴覚保護,3,特殊攻撃,4,風圧,3,耐暑,-1,特殊会心,2,霞龍の特上皮,4,霞龍の剛翼,3,メランジェ鉱石,5,,
残陽・真【具足】,1,1,10,0,11,99,107,149,3,2,-4,3,-4,抜刀会心,3,不動,3,達人,4,底力,-3,節食,4,豪山龍の重紅鱗,5,豪山龍の重岩殻,6,大地の龍神玉,1,メランジェ鉱石,2
東雲・真【具足】,1,2,10,0,11,99,61,97,4,3,-3,4,-3,装填速度,-3,速射,3,不動,3,達人,4,節食,4,豪山龍の重紅鱗,5,豪山龍の重岩殻,6,大地の龍神玉,1,メランジェ鉱石,2
常磐・真【具足】,2,1,10,0,11,99,107,149,3,2,-4,3,-4,抜刀会心,3,不動,3,達人,4,底力,-3,節食,4,豪山龍の重紅鱗,5,豪山龍の重岩殻,6,大地の龍神玉,1,メランジェ鉱石,2
八千代・真【具足】,2,2,10,0,11,99,61,97,4,3,-3,4,-3,装填速度,-3,速射,3,不動,3,達人,4,節食,4,豪山龍の重紅鱗,5,豪山龍の重岩殻,6,大地の龍神玉,1,メランジェ鉱石,2
ゴググリーヴ,0,1,10,2,12,99,110,152,-4,3,0,3,-7,達人,3,砲術,1,研ぎ師,-2,秘伝,2,,,巨戟龍の城殻,5,巨戟龍の塞鱗,4,巨戟龍の戦爪,5,太古龍骨,6
マゴグレギンス,0,2,10,2,12,99,64,98,-3,4,1,4,-6,装填速度,-2,通常弾強化,1,射法,2,秘伝,2,,,巨戟龍の城殻,5,巨戟龍の塞鱗,4,巨戟龍の戦爪,5,太古龍骨,6
リベリオンＺグリーヴ,0,1,10,1,12,99,112,152,3,3,-2,-2,-3,状態耐性,2,抜刀減気,3,達人,-3,,,,,蛇帝龍の厚尾鱗,4,蛇帝龍の剛鉤爪,4,天剣の龍神玉,1,炎王龍の重殻,6
ライオットＺレギンス,0,2,10,1,12,99,65,98,4,4,-1,-1,-2,状態耐性,2,属性解放,4,達人,-3,,,,,蛇帝龍の厚尾鱗,4,蛇帝龍の剛鉤爪,4,天剣の龍神玉,1,炎王龍の重殻,6
アカムトＸケマル,0,1,10,0,12,99,110,150,4,0,-3,2,-5,剣術,2,匠,3,達人,3,聴覚保護,3,斬れ味,-3,覇竜の厚鱗,5,覇竜の剛裂爪,5,覇竜の重殻,5,砕竜の天殻,1
アカムトＸチキル,0,2,10,0,12,99,64,97,5,1,-2,3,-4,装填速度,-3,達人,3,聴覚保護,3,装填数,3,射法,2,覇竜の厚鱗,5,覇竜の剛裂爪,5,覇竜の重殻,5,砕竜の天殻,1
ウカムルＸケマル,0,1,10,2,11,99,106,148,-5,0,-3,4,-2,剣術,3,匠,1,痛撃,3,加護,-2,耐震,3,崩竜の剛穿爪,3,崩竜の剛ビレ,5,崩竜の厚腹鱗,4,化け鮫の重鋸歯,3
ウカムルＸチキル,0,2,10,2,11,99,60,96,-4,1,-2,5,-1,装填速度,4,痛撃,3,装填数,1,加護,-2,,,崩竜の剛穿爪,3,崩竜の剛ビレ,5,崩竜の厚腹鱗,4,化け鮫の重鋸歯,3
グリードＺグリーヴ,0,1,10,3,11,99,108,150,-1,-1,-3,-1,-1,強欲,3,攻撃,2,食事,2,腹減り,-2,,,血戦の漆黒皮,2,恐暴竜の厚黒鱗,6,恐暴竜の剛鉤爪,4,大竜玉,1
グリードＺレギンス,0,2,10,3,11,99,62,98,0,0,-2,0,0,強欲,4,攻撃,3,食事,2,腹減り,-2,,,血戦の漆黒皮,2,恐暴竜の厚黒鱗,6,恐暴竜の剛鉤爪,4,大竜玉,1
エクスゼロＺグリーヴ,0,1,10,2,12,99,116,152,3,-5,2,-3,1,攻撃,6,聴覚保護,2,研ぎ師,-2,減気攻撃,2,食事,1,大轟竜の厚鱗,6,大轟竜の剛爆爪,4,大轟竜の重殻,4,大竜玉,1
エクスゼロＺレギンス,0,2,10,2,12,99,69,98,4,-4,3,-2,2,反動,-2,攻撃,6,聴覚保護,2,減気攻撃,2,食事,1,大轟竜の厚鱗,6,大轟竜の剛爆爪,4,大轟竜の重殻,4,大竜玉,1
ブラキウムグリーヴ,0,1,10,3,12,99,116,152,4,-3,0,-3,0,闘魂,2,底力,3,乗り,-1,剛腕,2,,,砕竜の撃滅拳,2,砕竜の重殻,4,臨界極まる粘菌,2,黒鎧竜の天殻,1
ブラキウムレギンス,0,2,10,3,12,99,69,98,5,-2,1,-2,1,闘魂,2,底力,3,乗り,-1,剛腕,1,,,砕竜の撃滅拳,2,砕竜の重殻,4,臨界極まる粘菌,2,黒鎧竜の天殻,1
ラースフット,0,1,10,1,12,99,120,156,2,-1,1,-3,-4,怒,2,攻撃,4,防御,-3,斬術,2,,,黒龍の紅焔鱗,6,黒龍の紅焔殻,6,黒龍の紅焔翼,2,天剣の龍神玉,1
ラースレグス,0,2,10,1,12,99,72,101,3,0,2,-2,-5,怒,2,攻撃,4,防御,-3,裏稼業,2,,,黒龍の紅焔鱗,6,黒龍の紅焔殻,6,黒龍の紅焔翼,2,天剣の龍神玉,1
キリンＸレガース,0,1,10,2,11,99,98,145,-3,-3,5,-1,3,潔癖,1,属性解放,2,属性耐性,2,運気,-2,属性攻撃,3,キリンの特上皮,4,キリンの靭雷尾,3,黒狼鳥の重殻,6,雷電袋,3
キリンＸブーツ,0,2,10,2,11,99,54,94,-2,-2,6,0,4,潔癖,1,属性解放,2,属性耐性,2,運気,-2,属性攻撃,2,キリンの特上皮,4,キリンの靭雷尾,3,黒狼鳥の重殻,6,雷電袋,3
キリンＺレガース,0,1,10,2,11,99,99,146,-3,-3,-1,6,3,回避術,2,属性耐性,3,運気,-2,氷属性攻撃,3,属性攻撃,1,キリンの靭霜尾,3,白銀のたてがみ,5,古龍の血,5,桃岩竜の剛翼,3
キリンＺブーツ,0,2,10,2,11,99,55,95,-2,-2,0,7,4,回避術,2,属性耐性,3,運気,-2,氷属性攻撃,3,属性攻撃,1,キリンの靭霜尾,3,白銀のたてがみ,5,古龍の血,5,桃岩竜の剛翼,3
夜叉・真【御足】,0,1,10,3,11,99,110,152,2,2,0,-2,-2,剣術,2,属性耐性,2,底力,-2,根性,2,,,太古の龍苔,3,太古の龍木,1,古龍の大宝玉,1,,
修羅・真【御足】,0,2,10,3,11,99,64,99,3,4,2,-1,-1,属性耐性,2,底力,-2,根性,2,装填数,2,,,太古の龍苔,3,太古の龍木,1,古龍の大宝玉,1,,
大和・真【具足】,1,1,10,0,11,99,108,150,3,1,0,-4,-4,居合,2,匠,3,達人,5,底力,-2,溜め短縮,3,峯山龍の重岩殻,4,鎧竜の重殻,5,大地の龍神玉,1,,
陸奥・真【具足】,1,2,10,0,11,99,62,98,4,2,1,-3,-3,剛撃,2,装填速度,-2,反動,4,装填数,3,貫通弾強化,3,峯山龍の重岩殻,4,鎧竜の重殻,5,大地の龍神玉,1,,
日向・真【袴】,2,1,10,0,11,99,108,150,3,1,0,-4,-4,居合,2,匠,3,達人,5,底力,-2,溜め短縮,3,峯山龍の重岩殻,4,鎧竜の重殻,5,大地の龍神玉,1,,
天城・真【袴】,2,2,10,0,11,99,62,98,4,2,1,-3,-3,剛撃,2,装填速度,-2,反動,4,装填数,3,貫通弾強化,3,峯山龍の重岩殻,4,鎧竜の重殻,5,大地の龍神玉,1,,
エンプレスＸグリーヴ,0,1,10,3,11,99,110,152,4,-2,1,-6,-2,達人,2,ガード性能,4,耐寒,-1,職工,2,,,炎妃龍の重殻,4,炎龍の塵粉,4,炎龍の剛爪,3,太古龍骨,4
エンプレスＸレギンス,0,2,10,3,11,99,64,99,5,-1,2,-5,-1,達人,2,ガード強化,4,耐寒,-1,職工,2,,,炎妃龍の重殻,4,炎龍の塵粉,4,炎龍の剛爪,3,太古龍骨,4
ヘリオスＸグリーヴ,1,1,10,2,11,99,108,150,0,3,-2,1,-5,匠,2,聴覚保護,2,重撃,2,水属性攻撃,4,加護,-2,大海龍の鱗,2,大海龍の鎧毛,1,雌火竜の天鱗,1,,
ヘリオスＸレギンス,1,2,10,2,11,99,62,98,1,4,-1,2,-4,聴覚保護,2,重撃,2,装填数,2,水属性攻撃,4,加護,-2,大海龍の鱗,2,大海龍の鎧毛,1,雌火竜の天鱗,1,,
セレネＸグリーヴ,2,1,10,2,11,99,108,150,0,3,-2,1,-5,匠,2,聴覚保護,2,重撃,2,水属性攻撃,4,加護,-2,大海龍の鱗,2,大海龍の鎧毛,1,雌火竜の天鱗,1,,
セレネＸレギンス,2,2,10,2,11,99,62,98,1,4,-1,2,-4,聴覚保護,2,重撃,2,装填数,2,水属性攻撃,4,加護,-2,大海龍の鱗,2,大海龍の鎧毛,1,雌火竜の天鱗,1,,
EX暁丸【具足】,1,1,10,3,12,99,116,152,-2,2,0,2,-4,スタミナ,-1,重撃,3,加護,2,斬術,2,,,老山龍の重殻,5,老山龍の厚鱗,2,火竜の天鱗,1,,
EX曙丸【具足】,1,2,10,2,12,99,69,98,-1,3,1,3,-3,スタミナ,-1,重撃,3,加護,2,裏稼業,2,,,老山龍の重殻,5,老山龍の厚鱗,2,火竜の天鱗,1,,
EX凛【袴】,2,1,10,3,12,99,116,152,-2,2,0,2,-4,スタミナ,-1,重撃,3,加護,2,斬術,2,,,老山龍の重殻,5,老山龍の厚鱗,2,火竜の天鱗,1,,
EX艶【袴】,2,2,10,2,12,99,69,98,-1,3,1,3,-3,スタミナ,-1,重撃,3,加護,2,裏稼業,2,,,老山龍の重殻,5,老山龍の厚鱗,2,火竜の天鱗,1,,
荒天【袴】,0,1,10,2,12,99,112,152,-3,4,0,0,-5,匠,3,本気,5,水属性攻撃,1,食事,-2,属性会心,2,嵐龍の堅殻,5,天空の龍玉,1,大轟竜の剛爆爪,4,驚異の大爆心,1
蒼天【袴】,0,2,10,2,12,99,65,98,-2,5,0,0,-4,本気,5,装填数,3,水属性攻撃,1,食事,-2,属性会心,2,嵐龍の堅殻,5,天空の龍玉,1,大轟竜の剛爆爪,4,驚異の大爆心,1
ミラアルマフット,0,1,10,1,12,99,116,152,4,0,-3,1,-7,刀匠,3,本気,3,不動,3,攻撃,4,スタミナ,-3,煉黒龍の黒鱗,4,煉黒龍の灼熱核,2,光炎の大龍玉,1,桜火竜の重殻,10
ミラアルマレグス,0,2,10,1,12,99,69,98,5,1,-2,2,-6,射手,3,本気,2,不動,3,攻撃,5,スタミナ,-3,煉黒龍の黒鱗,4,煉黒龍の灼熱核,2,光炎の大龍玉,1,桜火竜の重殻,10
EXエスカドラスケル,0,1,10,1,12,99,112,152,3,-2,-3,-3,-2,属性耐性,3,回避距離,3,気絶,-3,秘伝,2,,,煌黒龍の天鱗,4,煌黒龍の凶爪,3,海竜の蒼天鱗,1,古龍の大宝玉,1
EXエスカドラスクレ,0,2,10,1,12,99,65,98,4,-1,-2,-2,-1,属性耐性,3,回避距離,3,気絶,-3,射法,2,,,煌黒龍の天鱗,4,煌黒龍の凶爪,3,海竜の蒼天鱗,1,古龍の大宝玉,1
スターナイトグリーヴ,0,1,10,3,11,99,100,151,1,1,1,1,1,闘魂,3,乗り,3,斬術,2,,,,,スタジオＳパス,1,雷狼竜の重殻,6,雷狼竜の雷電殻,3,雷狼竜の靭尾,3
スターナイトレギンス,0,2,10,3,11,99,55,97,2,2,2,2,2,闘魂,3,装填数,2,乗り,3,,,,,スタジオＳパス,1,雷狼竜の重殻,6,雷狼竜の雷電殻,3,雷狼竜の靭尾,3
反逆王Ｊブーツ,0,1,10,3,11,99,100,151,-4,-4,-4,-4,-4,剥ぎ取り,5,回復量,-3,秘伝,1,,,,,反逆Ｊチケット,1,炎王龍の重殻,3,炎王龍の剛角,2,古龍の血,4
反逆王Ｊパンツ,0,2,10,3,11,99,55,97,-3,-3,-3,-3,-3,剥ぎ取り,4,回復量,-3,射法,2,,,,,反逆Ｊチケット,1,炎王龍の重殻,3,炎王龍の剛角,2,古龍の血,4
王者のレッグロック,0,1,10,0,11,99,88,152,-2,-2,-2,-2,4,重撃,2,根性,4,属性攻撃,-2,体術,5,剛腕,1,刃牙道の証,1,黄金の煌毛,2,金獅子の剛角,1,金獅子の尻尾,1
強者のレッグロック,0,2,10,0,11,99,47,100,-1,-1,-1,-1,5,重撃,2,根性,4,属性攻撃,-2,体術,5,剛腕,1,刃牙道の証,1,黄金の煌毛,2,金獅子の剛角,1,金獅子の尻尾,1
バリアスーツレガース,1,1,10,2,11,99,116,152,3,3,3,3,-4,状態耐性,2,不動,4,腹減り,-4,,,,,モジュール機能,1,真紅蓮石,3,骸蜘蛛の重殻,6,大長老チケットＳ,2
バリアスーツシェル,1,2,10,2,11,99,69,100,4,4,4,4,-3,状態耐性,2,不動,4,腹減り,-4,,,,,モジュール機能,1,真紅蓮石,3,骸蜘蛛の重殻,6,大長老チケットＳ,2
ゼロスーツブーツ,2,1,10,2,11,99,88,142,3,3,3,3,-4,回避術,4,防御,-4,気力回復,2,,,,,モジュール機能,1,ピュアクリスタル,2,骸蜘蛛の重殻,6,大長老チケットＳ,2
ゼロスーツタイツ,2,2,10,2,11,99,47,92,4,4,4,4,-3,回避術,4,防御,-4,気力回復,2,,,,,モジュール機能,1,ピュアクリスタル,2,骸蜘蛛の重殻,6,大長老チケットＳ,2
Ｇ・ルナＺグリーヴ,0,1,10,1,11,99,108,150,2,-4,-7,0,4,運気,4,捕獲,3,重撃,2,雷耐性,-2,加護,4,金火竜の重殻,5,金火竜の厚鱗,4,重竜骨,5,古龍の大宝玉,1
Ｇ・ルナＺレギンス,0,2,10,1,11,99,62,98,3,-3,-6,1,5,運気,4,捕獲,3,重撃,2,雷耐性,-2,加護,4,金火竜の重殻,5,金火竜の厚鱗,4,重竜骨,5,古龍の大宝玉,1
Ｓ・ソルＺグリーヴ,0,1,10,0,11,99,108,150,2,-7,-4,0,4,痛撃,3,達人,6,斬れ味,3,火属性攻撃,4,回復量,-2,銀火竜の重殻,5,銀火竜の厚鱗,5,煌炎の雫,3,古龍の大宝玉,1
Ｓ・ソルＺレギンス,0,2,10,0,11,99,62,98,3,-6,-3,1,5,痛撃,2,達人,6,貫通弾強化,3,火属性攻撃,5,回復量,-2,銀火竜の重殻,5,銀火竜の厚鱗,5,煌炎の雫,3,古龍の大宝玉,1
リベリオンＸグリーヴ,0,1,10,1,12,99,110,152,3,3,-2,-2,-3,怒,1,護石収集,3,攻撃,-2,,,,,蛇王龍の厚尾鱗,4,蛇王龍の剛鉤爪,4,天剣の龍神玉,1,炎王龍の重殻,6
ライオットＸレギンス,0,2,10,1,12,99,64,98,4,4,-1,-1,-2,怒,1,強欲,3,攻撃,-2,,,,,蛇王龍の厚尾鱗,4,蛇王龍の剛鉤爪,4,天剣の龍神玉,1,炎王龍の重殻,6
ドラゴンＸフット,0,1,10,0,12,99,118,154,-3,2,2,-1,-6,剛撃,2,匠,2,斬れ味,3,納刀,2,溜め短縮,-2,黒龍の厚鱗,4,黒龍の重殻,3,黒龍の剛翼,1,雌火竜の紅玉,3
ドラゴンＸレグス,0,2,10,0,12,99,71,100,-2,3,3,0,-5,剛撃,2,納刀,2,溜め短縮,-2,装填数,2,貫通弾強化,3,黒龍の厚鱗,4,黒龍の重殻,3,黒龍の剛翼,1,雌火竜の紅玉,3
ミラルーツフット,0,1,10,0,12,99,120,156,-2,2,2,-1,-7,刀匠,3,運気,-3,達人,6,体術,3,,,祖龍の厚白鱗,3,祖龍の重殻,2,祖龍の剛翼,1,戦火の龍神玉,1
ミラルーツレグス,0,2,10,0,12,99,72,101,-1,3,3,0,-6,射手,3,運気,-3,達人,6,体術,3,,,祖龍の厚白鱗,3,祖龍の重殻,2,祖龍の剛翼,1,戦火の龍神玉,1
GXハンターキュイス,0,1,10,3,12,99,120,156,0,1,-3,0,0,回避距離,6,加護,-4,,,,,,,狩人チケット,1,極彩色のトサカ,3,緑毛獣の剛爪,6,大長老チケットＳ,2
GXハンタークルス,0,2,10,3,12,99,72,101,1,2,-2,1,1,回避距離,6,加護,-4,,,,,,,狩人チケット,1,極彩色のトサカ,3,緑毛獣の剛爪,6,大長老チケットＳ,2
GXグリードキュイス,0,1,10,0,12,99,100,151,-5,-5,-5,-5,-5,痛撃,1,剥ぎ取り,5,運気,5,達人,-5,,,強欲チケット,1,血戦の漆黒皮,4,恐暴竜の厚黒鱗,8,恐暴竜の滅鱗,1
GXグリードクルス,0,2,10,0,12,99,55,97,-4,-4,-4,-4,-4,痛撃,3,剥ぎ取り,5,運気,5,達人,-5,,,強欲チケット,1,血戦の漆黒皮,4,恐暴竜の厚黒鱗,8,恐暴竜の滅鱗,1
GX荒天【羽袴】,0,1,10,3,12,99,88,152,-3,4,0,0,-5,回避性能,4,体力,-3,研ぎ師,2,回避距離,2,,,嵐龍チケット,1,巨戟龍の城殻,4,巨戟龍の塞鱗,6,獄狼竜の天玉,1
GX蒼天【羽袴】,0,2,10,3,12,99,47,100,-2,5,0,0,-4,回避性能,4,体力,-3,回避距離,2,調合成功率,2,,,嵐龍チケット,1,巨戟龍の城殻,4,巨戟龍の塞鱗,6,獄狼竜の天玉,1
GXミラバルＺキュイス,0,1,10,1,12,99,110,152,2,-1,1,-3,-7,刀匠,1,根性,3,体術,-3,秘伝,2,,,紅龍チケット,1,黒龍の紅焔殻,4,黒龍の紅焔鱗,5,ピュアクリスタル,3
GXミラバルＺクルス,0,2,10,1,12,99,64,98,3,0,2,-2,-6,射手,1,根性,3,体術,-3,裏稼業,2,,,紅龍チケット,1,黒龍の紅焔殻,4,黒龍の紅焔鱗,5,ピュアクリスタル,3
レイジのアーム,1,1,10,0,12,99,110,150,3,2,2,2,-5,強欲,2,匠,1,痛撃,1,達人,6,斬れ味,-1,女神の抱擁,2,金獅子の黒荒毛,3,金獅子の剛爪,4,ピュアクリスタル,2
レイジのガード,1,2,10,0,12,99,65,98,4,3,3,3,-4,強欲,2,装填速度,-1,砲術,6,装填数,1,KO,1,女神の抱擁,2,金獅子の黒荒毛,3,金獅子の剛爪,4,ピュアクリスタル,2
アナトのアーム,2,1,10,0,12,99,110,150,3,2,2,2,-5,強欲,2,匠,1,痛撃,1,達人,6,斬れ味,-1,女神の抱擁,2,金獅子の黒荒毛,3,金獅子の剛爪,4,ピュアクリスタル,2
アナトのガード,2,2,10,0,12,99,65,98,4,3,3,3,-4,強欲,2,装填速度,-1,砲術,6,装填数,1,KO,1,女神の抱擁,2,金獅子の黒荒毛,3,金獅子の剛爪,4,ピュアクリスタル,2