#名前,"性別(0=両,1=男,2=女)","タイプ(0=両方,1=剣士,2=ガンナー)",レア度,スロット数,入手時期／集☆（99=集入手不可）,入手時期／村☆（99=村入手不可）,初期防御力,最終防御力,火耐性,水耐性,雷耐性,氷耐性,龍耐性,スキル系統1,スキル値1,スキル系統2,スキル値2,スキル系統3,スキル値3,スキル系統4,スキル値4,スキル系統5,スキル値5,生産素材1,個数,生産素材2,個数,生産素材3,個数,生産素材4,個数
レザーベルト,0,0,1,0,1,1,1,71,-1,0,0,0,1,採取,3,運気,-1,体力,2,気まぐれ,1,,,暖かい毛皮,1,竜骨【小】,1,,,,
ブレイブベルト,0,0,1,2,1,1,1,71,2,0,0,0,1,体力,-2,回復速度,3,乗り,1,,,,,竜骨【小】,1,鉄鉱石,1,,,,
チェーンベルト,0,0,1,1,1,1,4,73,2,1,-2,1,0,体力,2,腹減り,4,,,,,,,鉄鉱石,1,暖かい毛皮,2,,,,
ハンターフォールド,0,1,1,1,1,1,6,112,0,1,-3,0,0,調合成功率,2,狩人,1,毒,-1,,,,,マカライト鉱石,2,鉄鉱石,1,のりこねバッタ,1,,
ハンターコート,0,2,1,1,1,1,3,72,1,2,-2,1,1,調合成功率,2,狩人,1,毒,-1,,,,,マカライト鉱石,2,鉄鉱石,1,のりこねバッタ,1,,
ボーンフォールド,0,1,1,1,1,2,7,113,1,0,-1,-2,0,KO,2,笛,3,,,,,,,なぞの骨,2,竜骨【小】,2,とがった牙,2,,
ボーンコート,0,2,1,1,1,2,4,73,2,1,0,-1,1,KO,2,笛,3,,,,,,,なぞの骨,2,竜骨【小】,2,とがった牙,2,,
アロイコイル,0,1,1,0,1,1,8,114,-1,1,-2,-1,0,防御,4,採取,-1,風圧,1,,,,,マカライト鉱石,2,竜骨【小】,2,鉄鉱石,3,,
アロイコート,0,2,1,0,1,1,4,73,0,2,-1,0,1,採取,-2,散弾強化,3,散弾追加,2,,,,,マカライト鉱石,2,竜骨【小】,2,鉄鉱石,3,,
ロックラックコイル,0,0,1,2,1,2,5,73,2,-3,1,0,0,耐暑,3,運搬,4,,,,,,,鋼のたまご,1,甲虫の大顎,1,とがった牙,3,,
スキンライトベルト,0,0,1,1,2,3,5,73,-2,2,2,2,-2,採取,4,運搬,5,,,,,,,垂皮竜の皮,5,甲虫の腹袋,3,カワズの油,3,,
アイアンベルト,0,0,1,1,2,4,8,74,4,-4,-6,-2,0,高速収集,10,,,,,,,,,ドラグライト鉱石,2,暖かい毛皮,3,盾虫の甲殻,5,,
ブナハコイル,0,1,2,0,1,2,10,116,-4,-1,2,-1,2,攻撃,-1,特殊攻撃,1,納刀,2,麻痺,4,,,飛甲虫の羽,3,飛甲虫の甲殻,2,モンスターの体液,1,光蟲,2
ブナハコート,0,2,2,0,1,2,5,73,-3,0,3,0,3,攻撃,-1,特殊攻撃,1,納刀,1,麻痺,4,,,飛甲虫の羽,3,飛甲虫の甲殻,2,モンスターの体液,1,光蟲,2
リノプロコイル,0,1,2,1,1,3,8,114,1,-1,-1,-1,1,KO,2,気絶,-1,耐泥耐雪,3,,,,,草食竜の甲殻,2,草食竜の頭殻,1,大地の結晶,2,,
リノプロコート,0,2,2,1,1,3,4,73,2,0,0,0,2,KO,3,気絶,-1,耐泥耐雪,2,,,,,草食竜の甲殻,2,草食竜の頭殻,1,大地の結晶,2,,
ガブラスーツベルト,0,1,2,0,3,99,15,117,1,-2,2,1,-3,胴系統倍加,1,,,,,,,,,翼蛇竜の皮,4,上竜骨,1,モンスターの体液,3,蟲のコイン,1
ガブラスーツバンド,0,2,2,0,3,99,8,74,2,-1,3,2,-2,胴系統倍加,1,,,,,,,,,翼蛇竜の皮,4,上竜骨,1,モンスターの体液,3,蟲のコイン,1
ジャギィフォールド,0,1,2,0,1,2,10,116,-2,0,0,0,1,研ぎ師,2,効果持続,-1,気絶,3,,,,,狗竜の皮,2,王者のエリマキ,1,ジャギィの皮,3,大地の結晶,1
ジャギィコート,0,2,2,0,1,2,5,73,-1,1,1,1,2,装填速度,2,効果持続,-1,気絶,2,,,,,狗竜の皮,2,王者のエリマキ,1,ジャギィの皮,3,大地の結晶,1
ゲネポスフォールド,0,1,2,1,1,3,12,116,1,1,-2,-3,2,回復速度,-2,麻痺,5,,,,,,,ゲネポスの皮,4,ゲネポスの鱗,3,鉄鉱石,2,,
ゲネポスコート,0,2,2,1,1,3,6,73,2,2,-1,-2,3,回復速度,-2,麻痺,5,,,,,,,ゲネポスの皮,4,ゲネポスの鱗,3,鉄鉱石,2,,
イーオスフォールド,0,1,2,1,3,5,15,117,0,-3,-3,2,2,特殊攻撃,1,毒,5,気絶,-2,,,,,ドスイーオスの皮,2,竜骨【中】,3,イーオスの鱗,2,マカライト鉱石,3
イーオスコート,0,2,2,2,3,5,8,74,1,-2,-2,3,3,特殊攻撃,1,毒,4,気絶,-2,,,,,ドスイーオスの皮,2,竜骨【中】,3,イーオスの鱗,2,マカライト鉱石,3
ウルクフォールド,0,1,2,1,2,4,15,117,-2,2,-1,2,2,回避距離,2,耐暑,-1,耐寒,2,,,,,白兎獣の毛,3,白兎獣の氷爪,1,大きな骨,2,キラビートル,3
ウルクコート,0,2,2,1,2,4,8,74,-1,3,0,3,3,回避距離,2,耐暑,-1,耐寒,2,,,,,白兎獣の毛,3,白兎獣の氷爪,1,大きな骨,2,キラビートル,3
ケチャフォールド,0,1,2,1,1,3,14,116,-3,2,-2,0,2,運気,-2,水属性攻撃,2,気まぐれ,2,,,,,奇猿狐の長骨,2,奇猿狐の耳,1,竜骨【小】,2,ツタの葉,3
ケチャコート,0,2,2,1,1,3,7,74,-2,3,-1,1,3,運気,-2,水属性攻撃,2,気まぐれ,2,,,,,奇猿狐の長骨,2,奇猿狐の耳,1,竜骨【小】,2,ツタの葉,3
コンガフォールド,0,1,2,1,2,4,14,116,-3,1,1,-1,2,細菌学,1,食いしん坊,2,腹減り,-2,,,,,桃毛獣の牙,3,桃毛獣の毛,3,徹甲虫の甲殻,1,大きな骨,2
コンガコート,0,2,2,1,2,4,7,74,-2,2,2,0,3,細菌学,1,食いしん坊,2,腹減り,-2,,,,,桃毛獣の牙,3,桃毛獣の毛,3,徹甲虫の甲殻,1,大きな骨,2
ゲリョスフォールド,0,1,2,1,1,3,14,116,-4,1,2,-2,0,スタミナ,1,腹減り,-2,毒,2,,,,,毒袋,1,大地の結晶,2,ゴム質の皮,2,,
ゲリョスコート,0,2,2,1,1,3,7,74,-3,2,3,-1,1,スタミナ,1,腹減り,-2,毒,2,,,,,毒袋,1,大地の結晶,2,ゴム質の皮,2,,
カブラフォールド,0,1,2,0,1,3,16,118,2,-3,-2,0,1,防御,4,採取,-1,体力,1,研ぎ師,1,,,鬼蛙の鱗,3,草食竜の頭殻,2,大きな骨,3,なぞの骨,4
カブラコート,0,2,2,0,1,3,8,74,3,-2,-1,1,2,装填速度,1,防御,4,採取,-1,体力,1,,,鬼蛙の鱗,3,草食竜の頭殻,2,大きな骨,3,なぞの骨,4
スキュラフォールド,0,1,2,1,2,4,19,121,-2,2,-2,1,2,観察眼,1,腹減り,-2,高速設置,2,睡眠,2,,,影蜘蛛の鋏角,2,影蜘蛛の爪,1,影蜘蛛の甲殻,1,竜骨【中】,3
スキュラコート,0,2,2,1,2,4,9,75,-1,3,-1,2,3,観察眼,1,腹減り,-2,高速設置,2,睡眠,2,,,影蜘蛛の鋏角,2,影蜘蛛の爪,1,影蜘蛛の甲殻,1,竜骨【中】,3
ザボアフォールド,0,1,2,2,2,4,20,122,-2,2,-3,2,0,氷属性攻撃,2,肉食,1,腹減り,-2,,,,,化け鮫のヒレ,1,化け鮫の鱗,2,化け鮫の鋸歯,1,化け鮫の刃尾,1
ザボアコート,0,2,2,2,2,4,10,76,-1,3,-2,3,1,氷属性攻撃,2,肉食,2,腹減り,-2,,,,,化け鮫のヒレ,1,化け鮫の鱗,2,化け鮫の鋸歯,1,化け鮫の刃尾,1
ガララフォールド,0,1,2,1,2,4,20,122,1,-2,0,-4,1,捕獲,2,聴覚保護,1,気まぐれ,-2,麻痺,2,,,絞蛇竜の甲殻,5,絞蛇竜の牙,4,絞蛇竜の皮,2,竜骨【大】,1
ガララコート,0,2,2,1,2,4,10,76,2,-1,1,-3,2,捕獲,2,聴覚保護,1,気まぐれ,-2,麻痺,2,,,絞蛇竜の甲殻,5,絞蛇竜の牙,4,絞蛇竜の皮,2,竜骨【大】,1
フルフルフォールド,0,1,2,2,2,4,19,121,-4,1,1,2,1,雷属性攻撃,3,回復量,2,気絶,-1,,,,,ブヨブヨした皮,2,鉄鉱石,8,ゴム質の皮,1,,
フルフルコート,0,2,2,2,2,4,10,76,-3,2,2,3,2,雷属性攻撃,3,回復量,2,気絶,-1,,,,,ブヨブヨした皮,2,鉄鉱石,8,ゴム質の皮,1,,
レイアフォールド,0,1,2,2,2,4,19,121,2,0,-2,0,-3,体力,2,火属性攻撃,2,回復速度,-2,,,,,雌火竜の翼膜,2,雌火竜の逆鱗,1,火炎袋,2,マカライト鉱石,5
レイアコート,0,2,2,2,2,4,10,76,3,1,-1,1,-2,体力,2,火属性攻撃,2,回復速度,-2,,,,,雌火竜の翼膜,2,雌火竜の逆鱗,1,火炎袋,2,マカライト鉱石,5
ランポスフォールド,0,1,2,2,1,2,13,117,0,0,0,-4,2,攻撃,2,気絶,3,,,,,,,ドスランポスの皮,2,鳴き袋,2,ランポスの皮,3,大地の結晶,2
ランポスコート,0,2,2,2,1,2,7,74,1,1,1,-3,3,攻撃,2,気絶,3,,,,,,,ドスランポスの皮,2,鳴き袋,2,ランポスの皮,3,大地の結晶,2
クックフォールド,0,1,2,2,1,3,16,118,2,-1,-2,-3,2,攻撃,1,聴覚保護,-2,スタミナ,3,,,,,怪鳥の鱗,2,怪鳥の甲殻,3,竜骨【中】,1,,
クックコート,0,2,2,2,1,3,8,74,3,0,-1,-2,3,攻撃,1,聴覚保護,-2,スタミナ,3,,,,,怪鳥の鱗,2,怪鳥の甲殻,3,竜骨【中】,1,,
バサルフォールド,0,1,2,2,2,3,18,120,0,-2,1,1,-3,耐暑,2,睡眠,1,,,,,,,岩竜の甲殻,4,マカライト鉱石,7,鉄鉱石,6,ゲネポスの皮,3
バサルコート,0,2,2,2,2,3,9,75,1,-1,2,2,-2,耐暑,2,睡眠,1,,,,,,,岩竜の甲殻,4,マカライト鉱石,7,鉄鉱石,6,ゲネポスの皮,3
アシラフォールド,0,1,2,1,99,3,13,117,-2,1,0,-1,1,高速収集,2,食いしん坊,1,腹減り,-2,ハチミツ,4,,,青熊獣の毛,2,青熊獣の甲殻,1,のりこねバッタ,2,,
アシラコート,0,2,2,1,99,3,7,74,-1,2,1,0,2,高速収集,2,食いしん坊,1,腹減り,-2,ハチミツ,3,,,青熊獣の毛,2,青熊獣の甲殻,1,のりこねバッタ,2,,
ルドロスフォールド,0,1,2,1,99,3,15,117,-3,2,-1,-1,1,スタミナ,3,水属性攻撃,1,雷耐性,-1,耐暑,2,,,海綿質の皮,3,ランポスの皮,3,竜骨【小】,2,大地の結晶,3
ルドロスコート,0,2,2,1,99,3,7,74,-2,3,0,0,2,スタミナ,2,水属性攻撃,1,雷耐性,-2,耐暑,2,,,海綿質の皮,3,ランポスの皮,3,竜骨【小】,2,大地の結晶,3
ボロスフォールド,0,1,2,1,99,4,18,120,4,-4,1,-2,0,攻撃,2,防御,1,ガード性能,3,腹減り,-2,,,土砂竜の甲殻,2,草食竜の甲殻,2,竜骨【中】,3,,
ボロスコート,0,2,2,1,99,4,8,74,5,-3,2,-1,1,攻撃,2,防御,2,精密射撃,2,腹減り,-2,,,土砂竜の甲殻,2,草食竜の甲殻,2,竜骨【中】,3,,
ハプルフォールド,0,1,2,2,99,5,21,123,2,0,-2,-4,1,納刀,2,食事,1,,,,,,,潜口竜の皮,3,鮮やかな体液,1,甲虫の腹袋,3,,
ハプルコート,0,2,2,2,99,5,10,76,3,1,-1,-3,2,納刀,1,食事,1,,,,,,,潜口竜の皮,3,鮮やかな体液,1,甲虫の腹袋,3,,
ギザミフォールド,0,1,2,2,99,5,21,123,1,2,-1,-1,0,匠,1,達人,-1,斬れ味,1,研ぎ師,3,,,鎌蟹の甲殻,2,マカライト鉱石,2,キラビートル,1,,
ギザミコート,0,2,2,0,99,5,10,76,2,3,0,0,1,防御,-1,貫通弾強化,4,貫通弾追加,1,精密射撃,3,,,鎌蟹の甲殻,2,マカライト鉱石,2,キラビートル,1,,
ハイメタフォールド,0,1,2,2,2,4,14,116,-2,-2,3,-1,0,砲術,1,体力,2,スタミナ,-2,,,,,ドラグライト鉱石,2,マカライト鉱石,5,鉄鉱石,2,とがった牙,2
ハイメタコート,0,2,2,2,2,4,7,74,-1,-1,4,0,1,砲術,1,体力,2,スタミナ,-2,,,,,ドラグライト鉱石,2,マカライト鉱石,5,鉄鉱石,2,とがった牙,2
バトルフォールド,0,1,2,1,3,5,14,116,2,-2,-2,-1,0,攻撃,1,研ぎ師,3,,,,,,,翼蛇竜の皮,2,暖かい毛皮,2,ランポスの皮,3,大地の結晶,2
バトルコート,0,2,2,1,3,5,7,74,3,-1,-1,0,1,装填速度,3,攻撃,1,,,,,,,翼蛇竜の皮,2,暖かい毛皮,2,ランポスの皮,3,大地の結晶,2
ゴアフォールド,0,1,3,1,3,5,21,123,-4,2,-3,1,-2,細菌学,2,匠,3,闘魂,2,火耐性,-3,,,黒蝕竜の触角,1,黒蝕竜の暗翼,2,黒蝕竜の甲殻,4,キラビートル,3
ゴアコート,0,2,3,1,3,5,11,77,-3,3,-2,2,-1,細菌学,2,闘魂,2,装填数,3,火耐性,-3,,,黒蝕竜の触角,1,黒蝕竜の暗翼,2,黒蝕竜の甲殻,4,キラビートル,3
レウスフォールド,0,1,3,1,3,5,23,125,2,0,-2,0,-3,攻撃,2,火属性攻撃,1,回復量,-2,,,,,火竜の翼膜,3,火竜の逆鱗,1,上竜骨,3,紅蓮石,1
レウスコート,0,2,3,1,3,5,12,78,3,1,-1,1,-2,攻撃,2,火属性攻撃,1,回復量,-2,,,,,火竜の翼膜,3,火竜の逆鱗,1,上竜骨,3,紅蓮石,1
レックスフォールド,0,1,3,1,3,5,22,124,2,-1,-4,0,-2,攻撃,3,研ぎ師,-2,食いしん坊,1,,,,,轟竜の甲殻,4,轟竜の鱗,4,上竜骨,2,狗竜の爪,3
レックスコート,0,2,3,1,3,5,11,77,3,0,-3,1,-1,反動,-2,攻撃,3,食いしん坊,1,,,,,轟竜の甲殻,4,轟竜の鱗,4,上竜骨,2,狗竜の爪,3
ジンオウフォールド,0,1,3,1,3,5,21,123,0,-2,2,-4,1,本気,4,雷属性攻撃,2,気配,-2,,,,,雷狼竜の甲殻,3,雷狼竜の帯電毛,2,雷狼竜の尻尾,1,徹甲虫の甲殻,3
ジンオウコート,0,2,3,1,3,5,10,76,1,-1,3,-3,2,本気,4,雷属性攻撃,1,気配,-2,,,,,雷狼竜の甲殻,3,雷狼竜の帯電毛,2,雷狼竜の尻尾,1,徹甲虫の甲殻,3
セルタスフォールド,0,1,3,2,1,2,21,123,-2,1,-3,1,2,捕獲,2,砲術,1,斬れ味,2,気力回復,-2,,,徹甲虫の甲殻,7,徹甲虫の羽,3,徹甲虫の角,2,マカライト鉱石,2
セルタスコート,0,2,3,1,1,2,10,76,-1,2,-2,2,3,砲術,1,榴弾追加,4,気力回復,-2,,,,,徹甲虫の甲殻,7,徹甲虫の羽,3,徹甲虫の角,2,マカライト鉱石,2
グラビドフォールド,0,1,3,0,3,5,23,125,2,-3,0,1,-2,防御,2,ガード性能,4,スタミナ,-2,,,,,鎧竜の甲殻,4,鎧竜の翼,2,上竜骨,2,イーオスの皮,3
グラビドコート,0,2,3,0,3,5,12,78,3,-2,1,2,-1,反動,4,防御,2,スタミナ,-2,,,,,鎧竜の甲殻,4,鎧竜の翼,2,上竜骨,2,イーオスの皮,3
ブラキフォールド,0,1,3,2,3,6,22,124,2,-4,0,-2,0,闘魂,2,回避性能,-2,爆弾強化,1,,,,,砕竜の黒曜甲,2,砕竜の尻尾,1,砕竜の甲殻,4,砕竜の骨髄,1
ブラキコート,0,2,3,2,3,6,11,77,3,-3,1,-1,1,闘魂,2,回避性能,-2,爆弾強化,1,,,,,砕竜の黒曜甲,2,砕竜の尻尾,1,砕竜の甲殻,4,砕竜の骨髄,1
残陽【腰当て】,1,1,3,1,4,6,26,126,2,1,-3,2,-3,抜刀減気,2,達人,2,底力,-3,スタミナ,2,,,豪山龍の腕甲,4,豪山龍の甲岩殻,6,豪山龍の紅鱗,2,火竜の逆鱗,1
東雲【腰当て】,1,2,3,1,4,6,13,78,3,2,-2,3,-2,装填速度,-3,スタミナ,2,無傷,3,貫通弾強化,1,,,豪山龍の腕甲,4,豪山龍の甲岩殻,6,豪山龍の紅鱗,2,火竜の逆鱗,1
常磐【腰当て】,2,1,3,1,4,6,26,126,2,1,-3,2,-3,抜刀減気,2,達人,2,底力,-3,スタミナ,2,,,豪山龍の腕甲,4,豪山龍の甲岩殻,6,豪山龍の紅鱗,2,火竜の逆鱗,1
八千代【腰当て】,2,2,3,1,4,6,13,78,3,2,-2,3,-2,装填速度,-3,スタミナ,2,無傷,3,貫通弾強化,1,,,豪山龍の腕甲,4,豪山龍の甲岩殻,6,豪山龍の紅鱗,2,火竜の逆鱗,1
アークフォールド,1,1,3,1,7,6,24,126,-3,3,0,1,-5,本気,2,火耐性,-3,狂撃耐性,2,,,,,天廻龍の角,1,天廻龍の虹翼,2,天廻龍の甲殻,4,ライトクリスタル,2
アークコート,1,2,3,1,7,6,12,78,-2,4,1,2,-4,本気,2,火耐性,-3,狂撃耐性,2,,,,,天廻龍の角,1,天廻龍の虹翼,2,天廻龍の甲殻,4,ライトクリスタル,2
フィリアフォールド,2,1,3,1,7,6,24,126,-3,3,0,1,-5,本気,2,火耐性,-3,狂撃耐性,2,,,,,天廻龍の角,1,天廻龍の虹翼,2,天廻龍の甲殻,4,ライトクリスタル,2
フィリアコート,2,2,3,1,7,6,12,78,-2,4,1,2,-4,本気,2,火耐性,-3,狂撃耐性,2,,,,,天廻龍の角,1,天廻龍の虹翼,2,天廻龍の甲殻,4,ライトクリスタル,2
ガルルガフォールド,0,1,3,2,3,5,24,126,1,-3,1,-2,0,達人,2,聴覚保護,1,,,,,,,黒狼鳥の鱗,4,黒狼鳥の甲殻,5,キラビートル,2,竜骨【大】,2
ガルルガコート,0,2,3,2,3,5,12,78,2,-2,2,-1,1,達人,2,聴覚保護,1,,,,,,,黒狼鳥の鱗,4,黒狼鳥の甲殻,5,キラビートル,2,竜骨【大】,2
キリンフープ,0,1,3,2,3,6,26,126,-2,-2,4,0,2,属性耐性,2,運気,-2,属性攻撃,1,,,,,キリンの皮,6,キリンのたてがみ,3,黒狼鳥の甲殻,3,電気袋,3
キリンショルト,0,2,3,2,3,6,13,78,-1,-1,5,1,3,属性耐性,2,運気,-2,属性攻撃,1,,,,,キリンの皮,6,キリンのたてがみ,3,黒狼鳥の甲殻,3,電気袋,3
ナルガフォールド,0,1,3,3,99,5,22,124,-2,1,-4,1,1,回避性能,2,スタミナ,-2,回避距離,1,,,,,迅竜の黒毛,5,迅竜の刃翼,3,狗竜の爪,3,,
ナルガコート,0,2,3,3,99,5,11,77,-1,2,-3,2,2,回避性能,1,スタミナ,-2,回避距離,1,,,,,迅竜の黒毛,5,迅竜の刃翼,3,狗竜の爪,3,,
ガンキンフォールド,0,1,3,2,99,5,24,126,2,-4,1,-1,-2,防御,4,スタミナ,-1,減気攻撃,2,,,,,爆鎚竜の耐熱殻,2,盾虫の甲殻,3,上竜骨,2,,
ガンキンコート,0,2,3,2,99,5,12,78,3,-3,2,0,-1,防御,4,スタミナ,-1,通常弾強化,2,,,,,爆鎚竜の耐熱殻,2,盾虫の甲殻,3,上竜骨,2,,
ドボルフォールド,0,1,3,1,99,6,24,126,-4,2,1,-2,1,攻撃,2,達人,-1,回復速度,2,,,,,尾槌竜の苔甲,4,竜骨【大】,3,垂皮竜の皮,2,,
ドボルコート,0,2,3,1,99,6,12,78,-3,3,2,-1,2,攻撃,2,達人,-1,回復速度,2,,,,,尾槌竜の苔甲,4,竜骨【大】,3,垂皮竜の皮,2,,
ラヴァフォールド,0,1,3,0,99,6,23,125,2,-3,0,0,1,ガード性能,3,千里眼,2,回復速度,2,気配,-2,,,溶岩竜のヒレ,2,溶岩竜の鱗,2,紅蓮石,3,,
ラヴァコート,0,2,3,0,99,6,12,78,3,-2,1,1,2,反動,3,千里眼,2,回復速度,2,気配,-2,,,溶岩竜のヒレ,2,溶岩竜の鱗,2,紅蓮石,3,,
ディアブロコイル,0,1,3,0,99,6,23,125,2,0,0,-4,0,抜刀会心,2,抜刀減気,3,研ぎ師,-2,納刀,3,耐震,3,角竜の甲殻,4,上質なねじれた角,1,草食竜の頭殻,1,,
ディアブロコート,0,2,3,0,99,6,12,78,3,1,1,-3,1,装填速度,4,痛撃,3,納刀,1,貫通弾強化,2,精密射撃,-2,角竜の甲殻,4,上質なねじれた角,1,草食竜の頭殻,1,,
暁丸【腰当て】,1,1,3,1,99,6,26,126,-2,2,0,2,-4,剣術,2,スタミナ,-1,重撃,1,加護,2,,,老山龍の甲殻,4,ドラグライト鉱石,3,鎧竜の甲殻,5,,
曙丸【腰当て】,1,2,3,2,99,6,13,78,-1,3,1,3,-3,スタミナ,-1,重撃,1,装填数,2,加護,2,,,老山龍の甲殻,4,ドラグライト鉱石,3,鎧竜の甲殻,5,,
凛【腰当て】,2,1,3,1,99,6,26,126,-2,2,0,2,-4,剣術,2,スタミナ,-1,重撃,1,加護,2,,,老山龍の甲殻,4,ドラグライト鉱石,3,鎧竜の甲殻,5,,
艶【腰当て】,2,2,3,2,99,6,13,78,-1,3,1,3,-3,スタミナ,-1,重撃,1,装填数,2,加護,2,,,老山龍の甲殻,4,ドラグライト鉱石,3,鎧竜の甲殻,5,,
インゴットコイル,0,1,3,0,3,5,18,120,-2,-2,2,0,0,ガード強化,3,納刀,2,雷属性攻撃,3,気まぐれ,-2,,,紅蓮石,1,ドラグライト鉱石,3,氷結晶,3,マカライト鉱石,5
インゴットコート,0,2,3,0,3,5,8,74,-1,-1,3,1,1,反動,3,散弾強化,2,雷属性攻撃,3,気まぐれ,-2,,,紅蓮石,1,ドラグライト鉱石,3,氷結晶,3,マカライト鉱石,5
ブナハＳコイル,0,1,4,0,4,7,33,116,-5,-1,2,-1,3,攻撃,-1,特殊攻撃,1,納刀,2,麻痺,4,,,飛甲虫の堅殻,2,飛甲虫の羽,4,モンスターの濃汁,1,ドスヘラクレス,2
ブナハＳコート,0,2,4,0,4,7,16,76,-4,0,3,0,4,攻撃,-1,特殊攻撃,1,納刀,1,麻痺,4,,,飛甲虫の堅殻,2,飛甲虫の羽,4,モンスターの濃汁,1,ドスヘラクレス,2
リノプロＳコイル,0,1,4,1,4,7,31,117,2,-1,-1,-1,1,砲術,3,KO,2,気絶,-2,耐泥耐雪,2,,,草食竜の堅殻,1,草食竜の頭殻,1,氷結晶,3,,
リノプロＳコート,0,2,4,1,4,7,15,76,3,0,0,0,2,砲術,3,KO,2,気絶,-2,耐泥耐雪,3,,,草食竜の堅殻,1,草食竜の頭殻,1,氷結晶,3,,
ガブラスーツＳベルト,0,1,4,0,5,99,40,117,2,-3,3,2,-4,胴系統倍加,1,,,,,,,,,翼蛇竜の上皮,2,翼蛇竜の皮,5,火竜の翼,2,ガマのコイン,1
ガブラスーツＳバンド,0,2,4,0,5,99,20,77,3,-2,4,3,-3,胴系統倍加,1,,,,,,,,,翼蛇竜の上皮,2,翼蛇竜の皮,5,火竜の翼,2,ガマのコイン,1
ジャギィＳフォールド,0,1,4,0,4,7,36,117,-4,0,0,0,2,攻撃,2,研ぎ師,2,効果持続,-1,気絶,3,,,狗竜の上皮,4,王者のエリマキ,2,ジャギィの上鱗,4,ドラグライト鉱石,2
ジャギィＳコート,0,2,4,0,4,7,18,77,-3,1,1,1,3,装填速度,2,攻撃,2,効果持続,-1,気絶,2,,,狗竜の上皮,4,王者のエリマキ,2,ジャギィの上鱗,4,ドラグライト鉱石,2
ゲネポスＳフォールド,0,1,4,1,4,7,36,117,1,1,-3,-5,3,特殊攻撃,1,回復速度,-2,麻痺,5,,,,,ドスゲネポスの尾,2,ゲネポスの上鱗,4,麻痺袋,2,ドスヘラクレス,3
ゲネポスＳコート,0,2,4,1,4,7,18,77,2,2,-2,-4,4,特殊攻撃,1,回復速度,-2,麻痺,5,,,,,ドスゲネポスの尾,2,ゲネポスの上鱗,4,麻痺袋,2,ドスヘラクレス,3
イーオスＳフォールド,0,1,4,1,5,8,44,119,0,-4,-4,3,3,特殊攻撃,1,毒,5,気絶,-2,,,,,イーオスの上鱗,2,イーオスの上皮,3,ドラグライト鉱石,6,猛毒袋,2
イーオスＳコート,0,2,4,1,5,8,22,78,1,-3,-3,4,4,特殊攻撃,1,毒,4,気絶,-2,,,,,イーオスの上鱗,2,イーオスの上皮,3,ドラグライト鉱石,6,猛毒袋,2
ウルクＳフォールド,0,1,4,2,5,8,45,120,-3,2,-1,2,2,回避距離,2,効果持続,2,耐暑,-2,耐寒,2,,,白兎獣の剛毛,3,白兎獣の凍爪,2,堅牢な骨,3,ドスヘラクレス,8
ウルクＳコート,0,2,4,2,5,8,22,78,-2,3,0,3,3,回避距離,2,効果持続,2,耐暑,-2,耐寒,2,,,白兎獣の剛毛,3,白兎獣の凍爪,2,堅牢な骨,3,ドスヘラクレス,8
ケチャＳフォールド,0,1,4,1,4,7,43,118,-5,3,-3,0,3,運気,-3,水属性攻撃,2,体術,2,気まぐれ,2,,,奇猿狐の大耳,1,奇猿狐の剛毛,4,堅牢な骨,2,キラビートル,2
ケチャＳコート,0,2,4,1,4,7,21,78,-4,4,-2,1,4,運気,-3,水属性攻撃,2,体術,2,気まぐれ,2,,,奇猿狐の大耳,1,奇猿狐の剛毛,4,堅牢な骨,2,キラビートル,2
コンガＳフォールド,0,1,4,1,4,7,38,117,-4,1,1,-1,3,細菌学,1,特殊攻撃,2,食いしん坊,3,腹減り,-2,,,桃毛獣の剛毛,3,桃毛獣の牙,3,強靭な鳥竜皮,2,上竜骨,2
コンガＳコート,0,2,4,1,4,7,19,77,-3,2,2,0,4,細菌学,1,特殊攻撃,2,食いしん坊,3,腹減り,-2,,,桃毛獣の剛毛,3,桃毛獣の牙,3,強靭な鳥竜皮,2,上竜骨,2
ランポスＳフォールド,0,1,4,1,4,7,38,117,0,0,0,-5,3,攻撃,3,千里眼,2,麻痺,-2,気絶,3,,,ランポスの上皮,3,鳴き袋,4,ランポスの上鱗,3,ドラグライト鉱石,2
ランポスＳコート,0,2,4,1,4,7,19,77,1,1,1,-4,4,攻撃,2,千里眼,2,麻痺,-2,気絶,3,,,ランポスの上皮,3,鳴き袋,4,ランポスの上鱗,3,ドラグライト鉱石,2
クックＳフォールド,0,1,4,1,4,99,43,118,3,0,-2,-4,2,攻撃,3,聴覚保護,-2,スタミナ,3,火耐性,1,,,怪鳥の上鱗,2,怪鳥の堅殻,3,堅牢な骨,3,,
クックＳコート,0,2,4,1,4,99,21,78,4,1,-1,-3,3,攻撃,3,聴覚保護,-2,スタミナ,3,火耐性,1,,,怪鳥の上鱗,2,怪鳥の堅殻,3,堅牢な骨,3,,
ランゴフォールド,0,1,4,2,4,99,36,117,-5,-5,2,-4,2,特殊攻撃,1,毒,-2,麻痺,2,,,,,ランゴスタの薄羽,3,上質な腹袋,2,キラビートル,2,,
ランゴコート,0,2,4,2,4,99,18,77,-4,-4,3,-3,3,特殊攻撃,1,毒,-2,麻痺,2,,,,,ランゴスタの薄羽,3,上質な腹袋,2,キラビートル,2,,
ガレオスフォールド,0,1,4,1,4,7,40,117,-3,2,-4,2,0,千里眼,3,耐暑,3,腹減り,1,気絶,-1,,,砂竜の上鱗,2,砂竜の上ヒレ,1,ドラグライト鉱石,4,鉄鉱石,10
ガレオスコート,0,2,4,1,4,7,20,77,-2,3,-3,3,1,千里眼,3,耐暑,3,腹減り,1,気絶,-1,,,砂竜の上鱗,2,砂竜の上ヒレ,1,ドラグライト鉱石,4,鉄鉱石,10
ラングロフォールド,0,1,4,1,5,99,47,120,1,-3,0,-1,1,細菌学,2,回避性能,2,耐寒,-2,耐震,4,,,赤甲獣の堅殻,3,モンスターの濃汁,3,紅蓮石,2,,
ラングロコート,0,2,4,1,5,99,24,79,2,-2,1,0,2,細菌学,2,回避性能,2,耐寒,-2,耐震,4,,,赤甲獣の堅殻,3,モンスターの濃汁,3,紅蓮石,2,,
ザザミフォールド,0,1,4,2,4,7,40,117,-3,3,-4,0,1,防御,2,ガード性能,1,雷耐性,-2,,,,,盾蟹の堅殻,3,盾蟹の尖爪,1,とがった爪,4,上竜骨,1
ザザミコート,0,2,4,2,4,7,20,77,-2,4,-3,1,2,防御,2,精密射撃,1,雷耐性,-2,,,,,盾蟹の堅殻,3,盾蟹の尖爪,1,とがった爪,4,上竜骨,1
ペッココイル,0,1,4,1,4,7,36,117,2,-1,0,-3,0,広域,4,笛,2,,,,,,,徹甲虫の堅殻,3,極彩色の羽根,2,へんなクチバシ,1,,
ペッココート,0,2,4,1,4,7,18,77,3,0,1,-2,1,広域,4,笛,2,,,,,,,徹甲虫の堅殻,3,極彩色の羽根,2,へんなクチバシ,1,,
レザーＳフォールド,0,1,4,1,4,7,22,114,-2,0,0,0,2,採取,1,運気,-2,体力,3,高速収集,2,,,上質な毛皮,1,竜骨【大】,3,カブレライト鉱石,1,,
レザーＳコート,0,2,4,1,4,7,11,75,-1,1,1,1,3,採取,1,運気,-2,体力,3,高速収集,2,,,上質な毛皮,1,竜骨【大】,3,カブレライト鉱石,1,,
ブレイブＳフォールド,0,1,4,0,4,7,18,114,3,0,0,0,2,採取,3,体力,-2,回復速度,3,乗り,1,,,天空の結晶,2,上質な毛皮,1,ランポスの上皮,2,マカライト鉱石,6
ブレイブＳコート,0,2,4,0,4,7,9,75,4,1,1,1,3,採取,3,体力,-2,回復速度,3,乗り,1,,,天空の結晶,2,上質な毛皮,1,ランポスの上皮,2,マカライト鉱石,6
チェーンＳフォールド,0,1,4,1,4,7,23,115,2,2,-3,1,0,体力,1,調合成功率,1,腹減り,4,睡眠,-2,,,カブレライト鉱石,1,ドラグライト鉱石,1,大地の結晶,2,ドスヘラクレス,2
チェーンＳコート,0,2,4,1,4,7,11,75,3,3,-2,2,1,体力,1,調合成功率,1,腹減り,4,睡眠,-2,,,カブレライト鉱石,1,ドラグライト鉱石,1,大地の結晶,2,ドスヘラクレス,2
ハンターＳフォールド,0,1,4,2,4,7,26,116,0,2,-4,0,0,千里眼,3,調合成功率,1,狩人,1,毒,-1,,,上質な毛皮,2,なぞの頭骨,1,暖かい毛皮,5,ドラグライト鉱石,5
ハンターＳコート,0,2,4,2,4,7,13,75,1,3,-3,1,1,千里眼,3,調合成功率,3,狩人,1,毒,-1,,,上質な毛皮,2,なぞの頭骨,1,暖かい毛皮,5,ドラグライト鉱石,5
ボーンＳフォールド,0,1,4,0,4,7,27,117,2,0,-1,-3,0,KO,2,観察眼,2,笛,3,睡眠,-1,,,堅牢な骨,1,竜骨【中】,2,なぞの骨,10,,
ボーンＳコート,0,2,4,0,4,7,13,75,3,1,0,-2,1,KO,2,観察眼,2,笛,3,睡眠,-1,,,堅牢な骨,1,竜骨【中】,2,なぞの骨,10,,
アロイＳコイル,0,1,4,0,4,7,28,116,-1,2,-3,-2,0,防御,2,採取,-1,達人,1,風圧,1,,,カブレライト鉱石,2,レビテライト鉱石,1,ドラグライト鉱石,5,氷結晶,5
アロイＳコート,0,2,4,0,4,7,14,75,0,3,-2,-1,1,装填速度,3,採取,-1,散弾強化,1,散弾追加,2,,,カブレライト鉱石,2,レビテライト鉱石,1,ドラグライト鉱石,5,氷結晶,5
クロムメタルコイル,0,1,4,0,5,8,40,117,2,-2,0,0,0,胴系統倍加,1,,,,,,,,,堅竜骨,6,ノヴァクリスタル,1,,,,
クロムメタルコート,0,2,4,0,5,8,20,77,3,-1,1,1,1,胴系統倍加,1,,,,,,,,,堅竜骨,6,ノヴァクリスタル,1,,,,
マギュルオッハ,0,1,4,0,99,4,19,121,-4,1,0,2,0,重撃,1,溜め短縮,2,調合成功率,1,調合数,2,回復速度,3,ペピポパンプキン,3,キラビートル,3,ハリの実,10,ドキドキノコ,4
マギュルブラット,0,2,4,0,99,4,9,75,-3,2,1,3,1,重撃,1,溜め短縮,2,調合成功率,1,調合数,2,回復速度,3,ペピポパンプキン,3,キラビートル,3,ハリの実,10,ドキドキノコ,4
ロワーガアンカ,1,1,4,1,3,5,18,120,-4,0,3,-1,1,属性解放,1,聴覚保護,3,龍属性攻撃,2,加護,-2,ハチミツ,2,オオクワアゲハ,2,レビテライト鉱石,1,光蟲,10,ボンバッタ,10
ロワーガコクサ,1,2,4,1,3,5,9,75,-3,1,4,0,2,属性解放,1,聴覚保護,3,龍属性攻撃,2,加護,-2,ハチミツ,2,オオクワアゲハ,2,レビテライト鉱石,1,光蟲,10,ボンバッタ,10
ファルメルアンカ,2,1,4,1,3,5,18,120,-4,0,3,-1,1,属性解放,1,聴覚保護,3,龍属性攻撃,2,加護,-2,ハチミツ,2,オオクワアゲハ,2,レビテライト鉱石,1,光蟲,10,ボンバッタ,10
ファルメルコクサ,2,2,4,1,3,5,9,75,-3,1,4,0,2,属性解放,1,聴覚保護,3,龍属性攻撃,2,加護,-2,ハチミツ,2,オオクワアゲハ,2,レビテライト鉱石,1,光蟲,10,ボンバッタ,10
Ｋ・ロブスタコイル,0,1,4,0,99,4,16,118,-2,5,-5,2,-2,回避性能,2,回避距離,3,火耐性,-3,,,,,エビの尾扇,2,化け鮫のヒレ,1,モンスターの体液,2,徹甲虫の羽,2
Ｋ・ロブスタコート,0,2,4,0,99,4,8,74,-1,6,-4,3,-1,回避性能,2,回避距離,3,火耐性,-3,,,,,エビの尾扇,2,化け鮫のヒレ,1,モンスターの体液,2,徹甲虫の羽,2
ガーディアンコイル,1,1,4,1,2,99,18,120,0,0,0,0,0,採取,-2,運気,3,砲術,2,加護,2,,,ドラグライト鉱石,2,闘技王のコイン,3,牙獣のコイン,5,,
ガーディアンコート,1,2,4,1,2,99,9,75,1,1,1,1,1,採取,-2,運気,3,広域,2,加護,2,,,ドラグライト鉱石,2,闘技王のコイン,3,牙獣のコイン,5,,
ヘルパースカート,2,1,4,1,2,99,18,120,0,0,0,0,0,採取,-2,運気,3,砲術,2,加護,2,,,ドラグライト鉱石,2,闘技王のコイン,3,牙獣のコイン,5,,
ヘルパーフリル,2,2,4,1,2,99,9,75,1,1,1,1,1,採取,-2,運気,3,広域,2,加護,2,,,ドラグライト鉱石,2,闘技王のコイン,3,牙獣のコイン,5,,
ギルドバードコイル,1,1,4,2,3,99,20,122,0,0,0,0,0,運気,2,広域,5,気配,-2,,,,,レビテライト鉱石,1,蟲のコイン,2,牙獣のコイン,5,闘技王のコイン,3
ギルドバードコート,1,2,4,2,3,99,10,76,1,1,1,1,1,運気,2,広域,5,気配,-2,,,,,レビテライト鉱石,1,蟲のコイン,2,牙獣のコイン,5,闘技王のコイン,3
スカラースカート,2,1,4,2,3,99,20,122,0,0,0,0,0,運気,2,広域,5,気配,-2,,,,,レビテライト鉱石,1,蟲のコイン,2,牙獣のコイン,5,闘技王のコイン,3
スカラーフリル,2,2,4,2,3,99,10,76,1,1,1,1,1,運気,2,広域,5,気配,-2,,,,,レビテライト鉱石,1,蟲のコイン,2,牙獣のコイン,5,闘技王のコイン,3
コンガＵフォールド,0,1,5,1,4,7,40,117,1,0,0,-4,3,底力,2,爆弾強化,2,腹減り,-1,,,,,緑毛獣の剛毛,3,緑毛獣の鋭牙,3,翼蛇竜の皮,4,上竜骨,2
コンガＵコート,0,2,5,1,4,7,20,77,2,1,1,-3,4,底力,2,爆弾強化,2,腹減り,-1,,,,,緑毛獣の剛毛,3,緑毛獣の鋭牙,3,翼蛇竜の皮,4,上竜骨,2
ゲリョスＳフォールド,0,1,5,2,4,7,47,120,-5,2,3,-2,0,スタミナ,1,腹減り,-2,毒,2,,,,,ゴム質の上皮,4,モンスターの濃汁,2,大地の結晶,4,カブレライト鉱石,2
ゲリョスＳコート,0,2,5,2,4,7,23,78,-4,3,4,-1,1,スタミナ,1,腹減り,-2,毒,2,,,,,ゴム質の上皮,4,モンスターの濃汁,2,大地の結晶,4,カブレライト鉱石,2
カブラＳフォールド,0,1,5,0,4,7,48,121,3,-5,-4,0,2,防御,5,採取,-2,体力,1,研ぎ師,1,,,鬼蛙の上鱗,4,草食竜の堅殻,3,堅牢な骨,2,怪力の種,9
カブラＳコート,0,2,5,0,4,7,24,78,4,-4,-3,1,3,装填速度,1,防御,5,採取,-2,体力,1,,,鬼蛙の上鱗,4,草食竜の堅殻,3,堅牢な骨,2,怪力の種,9
スキュラＳフォールド,0,1,5,1,4,7,48,121,-3,3,-3,2,3,達人,2,観察眼,1,腹減り,-3,高速設置,3,毒,1,影蜘蛛の堅殻,2,影蜘蛛の堅鋏角,3,堅牢な骨,1,飛甲虫の甲殻,4
スキュラＳコート,0,2,5,1,4,7,24,78,-2,4,-2,3,4,達人,2,観察眼,1,腹減り,-3,高速設置,3,毒,1,影蜘蛛の堅殻,2,影蜘蛛の堅鋏角,3,堅牢な骨,1,飛甲虫の甲殻,4
ザボアＳフォールド,0,1,5,2,5,8,53,124,-4,3,-5,3,0,氷属性攻撃,2,肉食,4,腹減り,-2,,,,,化け鮫の上皮,4,化け鮫の上ヒレ,2,化け鮫のヒレ,2,化け鮫の刃尾,1
ザボアＳコート,0,2,5,2,5,8,27,79,-3,4,-4,4,1,氷属性攻撃,2,肉食,4,腹減り,-2,,,,,化け鮫の上皮,4,化け鮫の上ヒレ,2,化け鮫のヒレ,2,化け鮫の刃尾,1
ガララＳフォールド,0,1,5,2,5,8,55,124,3,-3,0,-5,3,捕獲,3,聴覚保護,2,気まぐれ,-2,麻痺,2,,,絞蛇竜の上皮,6,絞蛇竜の牙,5,絞蛇竜の延髄,1,垂皮竜の上皮,3
ガララＳコート,0,2,5,2,5,8,28,80,4,-2,1,-4,4,捕獲,3,聴覚保護,2,気まぐれ,-2,麻痺,2,,,絞蛇竜の上皮,6,絞蛇竜の牙,5,絞蛇竜の延髄,1,垂皮竜の上皮,3
フルフルＳフォールド,0,1,5,2,5,8,50,121,-5,1,1,2,1,雷属性攻撃,4,広域,1,回復速度,2,気絶,-2,,,アルビノの霜降り,1,真珠色の柔皮,2,電撃袋,2,生命の粉塵,3
フルフルＳコート,0,2,5,2,5,8,25,79,-4,2,2,3,2,雷属性攻撃,4,広域,1,回復速度,2,気絶,-2,,,アルビノの霜降り,1,真珠色の柔皮,2,電撃袋,2,生命の粉塵,3
レイアＳフォールド,0,1,5,1,5,8,50,121,3,0,-2,0,-4,体力,5,火属性攻撃,3,回復量,1,回復速度,-2,,,雌火竜の上鱗,3,雌火竜の翼膜,4,雌火竜の紅玉,1,紅蓮石,2
レイアＳコート,0,2,5,1,5,8,25,79,4,1,-1,1,-3,体力,5,火属性攻撃,2,回復量,1,回復速度,-2,,,雌火竜の上鱗,3,雌火竜の翼膜,4,雌火竜の紅玉,1,紅蓮石,2
レウスＳフォールド,0,1,5,2,5,8,57,126,3,0,-2,0,-4,攻撃,2,火属性攻撃,3,回復量,-2,,,,,火竜の堅殻,6,火竜の翼膜,4,火竜の逆鱗,1,ユニオン鉱石,2
レウスＳコート,0,2,5,2,5,8,28,80,4,1,-1,1,-3,攻撃,2,火属性攻撃,3,回復量,-2,,,,,火竜の堅殻,6,火竜の翼膜,4,火竜の逆鱗,1,ユニオン鉱石,2
レックスＳフォールド,0,1,5,2,5,8,55,124,2,-1,-4,0,-2,匠,1,攻撃,3,研ぎ師,-2,食いしん坊,1,,,轟竜の堅殻,6,轟竜の上鱗,5,竜玉,1,肉厚な上皮,3
レックスＳコート,0,2,5,2,5,8,28,80,3,0,-3,1,-1,反動,-2,攻撃,3,装填数,1,食いしん坊,1,,,轟竜の堅殻,6,轟竜の上鱗,5,竜玉,1,肉厚な上皮,3
ジンオウＳフォールド,0,1,5,3,5,8,52,123,0,-2,3,-4,1,本気,3,斬れ味,2,雷属性攻撃,1,気配,-2,,,雷狼竜の堅殻,5,雷狼竜の高電毛,3,雷狼竜の尻尾,1,雷狼竜の逆鱗,1
ジンオウＳコート,0,2,5,3,5,8,26,79,1,-1,4,-3,2,装填速度,2,本気,3,雷属性攻撃,1,気配,-2,,,雷狼竜の堅殻,5,雷狼竜の高電毛,3,雷狼竜の尻尾,1,雷狼竜の逆鱗,1
セルタスＳフォールド,0,1,5,2,4,7,53,124,-3,2,-4,2,3,匠,2,砲術,1,斬れ味,2,気力回復,-3,,,徹甲虫の堅殻,5,徹甲虫の薄羽,2,徹甲虫の尖角,1,ドスヘラクレス,3
セルタスＳコート,0,2,5,1,4,7,27,79,-2,3,-3,3,4,装填速度,3,砲術,1,榴弾追加,4,気力回復,-3,,,徹甲虫の堅殻,5,徹甲虫の薄羽,2,徹甲虫の尖角,1,ドスヘラクレス,3
グラビドＳフォールド,0,1,5,0,5,8,57,126,3,-4,0,2,-3,防御,4,ガード性能,4,スタミナ,-3,,,,,鎧竜の堅殻,1,鎧竜の翼,2,上竜骨,3,鎧竜の延髄,1
グラビドＳコート,0,2,5,0,5,8,29,80,4,-3,1,3,-2,反動,4,防御,4,スタミナ,-3,,,,,鎧竜の堅殻,1,鎧竜の翼,2,上竜骨,3,鎧竜の延髄,1
クックＵフォールド,0,1,5,2,4,7,47,120,3,-4,-3,0,2,達人,1,火属性攻撃,3,水耐性,-2,,,,,青怪鳥の上鱗,2,青怪鳥の堅殻,3,強靭な鳥竜皮,1,上竜骨,3
クックＵコート,0,2,5,2,4,7,23,78,4,-3,-2,1,3,達人,1,火属性攻撃,3,水耐性,-2,,,,,青怪鳥の上鱗,2,青怪鳥の堅殻,3,強靭な鳥竜皮,1,上竜骨,3
バサルＳフォールド,0,1,5,1,5,99,50,121,-1,-2,1,1,-3,納刀,3,食事,4,腹減り,-2,耐泥耐雪,2,,,岩竜の堅殻,4,カブレライト鉱石,7,ドラグライト鉱石,8,ランポスの上鱗,3
バサルＳコート,0,2,5,1,5,99,25,79,0,-1,2,2,-2,納刀,2,食事,3,腹減り,-2,耐泥耐雪,2,,,岩竜の堅殻,4,カブレライト鉱石,7,ドラグライト鉱石,8,ランポスの上鱗,3
ガルルガＳフォールド,0,1,5,1,6,9,60,127,3,-4,3,-4,1,達人,2,聴覚保護,1,斬れ味,3,,,,,黒狼鳥の上鱗,4,黒狼鳥の堅殻,4,爆炎袋,3,カブレライト鉱石,2
ガルルガＳコート,0,2,5,1,6,9,30,80,4,-3,4,-3,2,達人,2,聴覚保護,1,貫通弾強化,3,,,,,黒狼鳥の上鱗,4,黒狼鳥の堅殻,4,爆炎袋,3,カブレライト鉱石,2
モノブロＳコイル,0,1,5,2,99,8,57,126,0,2,-3,-4,2,攻撃,3,底力,2,加護,-2,,,,,一角竜の堅甲,3,上質な真紅の角,1,一角竜の堅殻,3,獄炎石,4
モノブロＳコート,0,2,5,1,99,8,29,80,1,3,-2,-3,3,攻撃,6,底力,2,加護,-1,,,,,一角竜の堅甲,3,上質な真紅の角,1,一角竜の堅殻,3,獄炎石,4
ブランゴフォールド,0,1,5,0,5,99,55,124,-4,2,0,2,1,攻撃,2,耐暑,-2,耐寒,2,耐泥耐雪,2,,,雪獅子の剛毛,4,雪獅子の髭,1,獣骨,3,キリンの皮,2
ブランゴコート,0,2,5,0,5,99,28,80,-3,3,1,3,2,攻撃,2,耐暑,-2,耐寒,2,耐泥耐雪,2,,,雪獅子の剛毛,4,雪獅子の髭,1,獣骨,3,キリンの皮,2
ガブルフォールド,0,1,5,2,5,99,52,123,-2,3,-4,0,1,達人,3,食事,3,回復速度,-2,,,,,灯魚竜の上皮,4,灯魚竜の上棘,1,化け鮫のヒレ,2,麻痺袋,5
ガブルコート,0,2,5,2,5,99,26,79,-1,4,-3,1,2,達人,3,食事,2,回復速度,-2,,,,,灯魚竜の上皮,4,灯魚竜の上棘,1,化け鮫のヒレ,2,麻痺袋,5
ベリオフォールド,0,1,5,0,5,99,57,126,-5,0,-1,3,0,回避性能,2,氷属性攻撃,3,体術,5,気力回復,-2,,,琥珀色の鋭牙,2,氷牙竜の上毛皮,4,竜玉,1,,
ベリオコート,0,2,5,0,5,99,29,80,-4,1,0,4,1,回避性能,3,氷属性攻撃,3,体術,4,気力回復,-2,,,琥珀色の鋭牙,2,氷牙竜の上毛皮,4,竜玉,1,,
ハイメタＳフォールド,0,1,5,1,99,7,18,114,-2,-2,3,-1,0,防御,3,研ぎ師,2,毒,-2,,,,,※店売り,1,,,,,,
ハイメタＳコート,0,2,5,1,99,7,9,75,-1,-1,4,0,1,防御,3,通常弾強化,2,毒,-2,,,,,※店売り,1,,,,,,
オウビートアンカ,1,1,5,2,5,99,43,118,3,-5,3,-4,2,採取,2,回避性能,2,特殊攻撃,2,耐寒,-2,,,オオツノアゲハ,2,マレコガネ,2,アルビノエキス,3,ドスヘラクレス,3
オウビートコクサ,1,2,5,2,5,99,21,78,4,-4,5,-3,2,採取,2,回避性能,2,特殊攻撃,2,耐寒,-2,,,オオツノアゲハ,2,マレコガネ,2,アルビノエキス,3,ドスヘラクレス,3
パピメルアンカ,2,1,5,2,5,99,43,118,3,-5,3,-4,2,採取,2,回避性能,2,特殊攻撃,2,耐寒,-2,,,オオツノアゲハ,2,マレコガネ,2,アルビノエキス,3,ドスヘラクレス,3
パピメルコクサ,2,2,5,2,5,99,21,78,4,-4,5,-3,2,採取,2,回避性能,2,特殊攻撃,2,耐寒,-2,,,オオツノアゲハ,2,マレコガネ,2,アルビノエキス,3,ドスヘラクレス,3
アーティアＳコイル,0,1,5,2,5,9,51,122,0,-3,-3,2,3,匠,2,研ぎ師,-3,気力回復,2,,,,,太古の破片,5,獄炎石,3,さびた破片,4,カブレライト鉱石,10
アーティアＳコート,0,2,5,2,5,9,26,79,1,-2,-2,3,4,装填速度,-3,装填数,2,精密射撃,2,,,,,太古の破片,5,獄炎石,3,さびた破片,4,カブレライト鉱石,10
三眼の腰飾り,0,0,5,3,4,7,18,77,0,0,3,-3,1,,,,,,,,,,,カブレライト鉱石,3,ノヴァクリスタル,2,,,,
ゴアＳフォールド,0,1,6,1,5,99,52,123,-5,3,-3,2,-2,細菌学,3,闘魂,2,火耐性,-3,狂撃耐性,3,,,黒蝕竜の上暗翼,2,黒蝕竜の堅殻,5,黒蝕竜の逆鱗,1,黒蝕竜の尻尾,1
ゴアＳコート,0,2,6,1,5,99,26,79,-4,4,-2,3,-1,細菌学,3,闘魂,2,火耐性,-3,狂撃耐性,3,,,黒蝕竜の上暗翼,2,黒蝕竜の堅殻,5,黒蝕竜の逆鱗,1,黒蝕竜の尻尾,1
レギオスＳフォールド,0,1,6,3,99,9,58,125,3,0,-3,-2,0,剣術,1,研ぎ師,-4,体術,3,裂傷,1,,,千刃竜の鋭刃鱗,5,千刃竜の飛刃,4,千刃竜の反逆鱗,1,砂竜の上ヒレ,4
レギオスＳコート,0,2,6,3,99,9,29,80,4,1,-2,-1,1,装填速度,-3,反動,1,体術,3,裂傷,1,,,千刃竜の鋭刃鱗,5,千刃竜の飛刃,4,千刃竜の反逆鱗,1,砂竜の上ヒレ,4
ゲリョスＵフォールド,0,1,6,2,4,7,48,121,-5,2,3,-2,0,達人,-2,風圧,2,気絶,2,,,,,ゴム質の紫皮,3,毒怪鳥の紫翼,2,大地の結晶,4,上質な鳥竜骨,2
ゲリョスＵコート,0,2,6,2,4,7,24,78,-4,3,4,-1,1,達人,-2,風圧,2,気絶,2,,,,,ゴム質の紫皮,3,毒怪鳥の紫翼,2,大地の結晶,4,上質な鳥竜骨,2
フルフルＵフォールド,0,1,6,1,5,8,51,122,1,-5,1,2,1,回復量,3,広域,1,回復速度,-2,,,,,魅惑色の柔皮,2,魅惑色の翼膜,2,上竜骨,4,生命の粉塵,3
フルフルＵコート,0,2,6,1,5,8,26,79,2,-4,2,3,2,回復量,3,広域,1,回復速度,-2,,,,,魅惑色の柔皮,2,魅惑色の翼膜,2,上竜骨,4,生命の粉塵,3
リオハートコイル,0,1,6,1,5,8,51,122,3,0,-2,0,-4,底力,2,火属性攻撃,2,風圧,4,気配,-1,,,桜火竜の上鱗,3,桜火竜の堅殻,2,爆炎袋,2,雌火竜の紅玉,1
リオハートコート,0,2,6,1,5,8,26,79,4,1,-1,1,-3,底力,2,火属性攻撃,2,風圧,4,気配,-1,,,桜火竜の上鱗,3,桜火竜の堅殻,2,爆炎袋,2,雌火竜の紅玉,1
リオソウルコイル,0,1,6,1,6,9,58,125,3,0,0,-2,-4,達人,3,体力,-2,聴覚保護,3,斬れ味,3,,,蒼火竜の堅殻,2,蒼火竜の上鱗,4,カブレライト鉱石,3,爆炎袋,2
リオソウルコート,0,2,6,1,6,9,29,80,4,1,1,-1,-3,達人,3,体力,-2,聴覚保護,2,通常弾強化,3,,,蒼火竜の堅殻,2,蒼火竜の上鱗,4,カブレライト鉱石,3,爆炎袋,2
レックスＵフォールド,0,1,6,2,6,9,59,126,2,-4,-2,0,-1,聴覚保護,3,研ぎ師,-1,観察眼,1,食事,1,,,黒轟竜の堅殻,4,黒轟竜の上鱗,6,竜玉,1,イーオスの鱗,8
レックスＵコート,0,2,6,2,6,9,29,80,3,-3,-1,1,0,反動,-1,聴覚保護,3,観察眼,1,食事,1,,,黒轟竜の堅殻,4,黒轟竜の上鱗,6,竜玉,1,イーオスの鱗,8
ジンオウＵフォールド,0,1,6,0,6,9,53,124,0,-4,-5,0,4,回避性能,3,溜め短縮,3,無傷,2,龍属性攻撃,3,回復量,-2,獄狼竜の堅殻,5,獄狼竜の龍毛,4,獄狼竜の尻尾,1,垂皮竜の上皮,5
ジンオウＵコート,0,2,6,0,6,9,27,79,1,-3,-4,1,5,回避性能,3,無傷,3,装填数,3,龍属性攻撃,2,回復量,-2,獄狼竜の堅殻,5,獄狼竜の龍毛,4,獄狼竜の尻尾,1,垂皮竜の上皮,5
グラビドＵフォールド,0,1,6,1,6,9,58,125,3,-5,1,1,1,防御,4,ガード強化,2,スタミナ,-2,燃鱗,1,,,黒鎧竜の堅殻,1,鎧竜の堅殻,3,堅竜骨,1,ノヴァクリスタル,1
グラビドＵコート,0,2,6,1,6,9,29,80,4,-4,2,2,2,防御,4,ガード強化,2,スタミナ,-2,燃鱗,1,,,黒鎧竜の堅殻,1,鎧竜の堅殻,3,堅竜骨,1,ノヴァクリスタル,1
ブラキＳフォールド,0,1,6,1,6,9,57,126,3,-4,0,-2,0,闘魂,4,回避性能,-2,底力,2,爆弾強化,1,回避距離,1,砕竜の剛拳,2,砕竜の尻尾,1,砕竜の堅殻,4,砕竜の宝玉,1
ブラキＳコート,0,2,6,1,6,9,28,80,4,-3,1,-1,1,闘魂,4,回避性能,-2,底力,1,爆弾強化,1,回避距離,1,砕竜の剛拳,2,砕竜の尻尾,1,砕竜の堅殻,4,砕竜の宝玉,1
バンギスコイル,0,1,6,0,7,9,62,127,0,0,-4,1,-4,胴系統倍加,1,,,,,,,,,恐暴竜の黒皮,4,恐暴竜の宝玉,1,恐暴竜の黒鱗,6,重甲エキス,1
バンギスコート,0,2,6,0,7,9,31,80,1,1,-3,2,-3,胴系統倍加,1,,,,,,,,,恐暴竜の黒皮,4,恐暴竜の宝玉,1,恐暴竜の黒鱗,6,重甲エキス,1
バサルＵフォールド,0,1,6,1,5,99,53,124,0,-2,0,-3,1,ガード性能,4,耐暑,3,毒,2,麻痺,-2,,,桃岩竜の堅殻,4,カブレライト鉱石,7,猛毒袋,3,強靭な鳥竜皮,3
バサルＵコート,0,2,6,1,5,99,27,79,1,-1,1,-2,2,通常弾強化,3,耐暑,3,毒,2,麻痺,-2,,,桃岩竜の堅殻,4,カブレライト鉱石,7,猛毒袋,3,強靭な鳥竜皮,3
キリンＳフープ,0,1,6,1,8,99,60,127,-3,-3,5,-1,3,属性解放,2,属性耐性,3,運気,-3,属性攻撃,2,,,キリンの上皮,5,キリンの皮,3,キリンの蒼角,2,電撃袋,3
キリンＳショルト,0,2,6,1,8,99,30,80,-2,-2,6,0,4,属性解放,2,属性耐性,2,運気,-3,属性攻撃,2,,,キリンの上皮,5,キリンの皮,3,キリンの蒼角,2,電撃袋,3
ラギアフォールド,0,1,6,3,6,99,60,127,-5,1,3,-1,-1,痛撃,2,特殊攻撃,-2,溜め短縮,1,,,,,海竜の高電殻,1,蒼火竜の堅殻,4,火竜の逆鱗,1,,
ラギアコート,0,2,6,3,6,99,30,80,-4,2,4,0,0,痛撃,2,特殊攻撃,-2,溜め短縮,1,,,,,海竜の高電殻,1,蒼火竜の堅殻,4,火竜の逆鱗,1,,
アグナフォールド,0,1,6,1,6,99,59,126,3,-5,0,-1,0,ガード性能,3,底力,-2,火属性攻撃,3,燃鱗,2,,,炎戈竜の堅殻,2,竜玉,1,イーオスの上鱗,6,,
アグナコート,0,2,6,2,6,99,30,80,4,-4,1,0,1,底力,-2,通常弾強化,1,精密射撃,1,火属性攻撃,2,燃鱗,2,炎戈竜の堅殻,2,竜玉,1,イーオスの上鱗,6,,
ドーベルコイル,0,1,6,0,4,7,47,120,-2,0,0,0,3,龍属性攻撃,2,気力回復,4,腹減り,-2,耐震,3,,,いにしえの龍骨,3,桃毛獣の尖爪,3,堅牢な骨,5,竜骨【中】,10
ドーベルコート,0,2,6,0,4,7,24,78,-1,1,1,1,4,装填速度,3,龍属性攻撃,2,気力回復,4,腹減り,-2,,,いにしえの龍骨,3,桃毛獣の尖爪,3,堅牢な骨,5,竜骨【中】,10
ホークコイル,1,1,6,2,5,99,45,120,2,-1,1,0,2,狩人,3,指揮,1,腹減り,-3,,,,,旅団チケット,1,ニャンターの証,2,ペピポパンプキン,5,天空の結晶,3
ホークコート,1,2,6,2,5,99,23,78,3,0,2,1,3,狩人,3,指揮,1,腹減り,-3,,,,,旅団チケット,1,ニャンターの証,2,ペピポパンプキン,5,天空の結晶,3
エコールスカート,2,1,6,2,5,99,45,120,2,-1,1,0,2,狩人,3,指揮,1,腹減り,-3,,,,,旅団チケット,1,ニャンターの証,2,ペピポパンプキン,5,天空の結晶,3
エコールフリル,2,2,6,2,5,99,23,78,3,0,2,1,3,狩人,3,指揮,1,腹減り,-3,,,,,旅団チケット,1,ニャンターの証,2,ペピポパンプキン,5,天空の結晶,3
ギルドナイトコイル,1,1,6,2,8,99,52,123,0,0,0,0,0,剥ぎ取り,3,広域,4,気配,-2,,,,,希望の証,1,ランポスの尖爪,3,桃岩竜の翼,2,,
ギルドナイトスカート,1,2,6,2,8,99,26,79,1,1,1,1,1,剥ぎ取り,2,広域,4,気配,-2,,,,,希望の証,1,ランポスの尖爪,3,桃岩竜の翼,2,,
メイドスカート,2,1,6,2,8,99,52,123,0,0,0,0,0,剥ぎ取り,3,広域,4,気配,-2,,,,,希望の証,1,ランポスの尖爪,3,桃岩竜の翼,2,,
メイドフリル,2,2,6,2,8,99,26,79,1,1,1,1,1,剥ぎ取り,2,広域,4,気配,-2,,,,,希望の証,1,ランポスの尖爪,3,桃岩竜の翼,2,,
ユクモノオビ・天,0,1,6,2,8,99,60,127,-1,0,2,0,0,匠,1,研ぎ師,2,回復量,3,加護,2,,,蛇王龍の鋼皮,3,凶星の破片,1,渦巻骨,2,,
ユクモノオビ・地,0,2,6,2,8,99,30,80,0,1,3,1,1,装填速度,2,装填数,1,回復量,3,加護,2,,,蛇王龍の鋼皮,3,凶星の破片,1,渦巻骨,2,,
城塞遊撃隊【鎖帯】,0,1,6,2,6,99,53,124,0,0,0,0,0,属性解放,3,剥ぎ取り,2,根性,1,回復量,2,気配,-1,飛竜のコイン,3,狩猟王のコイン,3,大水袋,4,,
城塞弓撃隊【弾帯】,0,2,6,2,6,99,27,79,1,1,1,1,1,剥ぎ取り,1,回避距離,3,根性,2,回復量,2,気配,-1,飛竜のコイン,3,狩猟王のコイン,3,大水袋,4,,
クロオビフォールド,0,1,6,2,8,99,55,124,2,2,2,2,2,匠,2,狩人,2,腹減り,-2,,,,,金獅子の黒毛,1,撃龍王のコイン,2,飛竜のコイン,2,牙竜のコイン,3
クロオビコート,0,2,6,2,8,99,28,80,3,3,3,3,3,装填数,2,狩人,2,腹減り,-2,,,,,金獅子の黒毛,1,撃龍王のコイン,2,飛竜のコイン,2,牙竜のコイン,3
セイラースカート,2,1,6,2,8,99,60,127,0,2,0,-2,0,運気,2,広域,4,気配,-2,,,,,希望の証,1,狩猟王のコイン,2,獣竜のコイン,5,カブレライト鉱石,8
セイラーフリル,2,2,6,2,8,99,30,80,1,3,1,-1,1,運気,1,広域,4,気配,-3,,,,,希望の証,1,狩猟王のコイン,2,獣竜のコイン,5,カブレライト鉱石,8
アークＳフォールド,1,1,7,1,7,99,65,128,-4,4,0,3,-6,匠,2,本気,2,火耐性,-3,狂撃耐性,2,,,天廻龍の上虹翼,2,天廻龍の堅殻,5,天廻龍の逆鱗,1,天廻龍の尻尾,1
アークＳコート,1,2,7,1,7,99,33,81,-3,5,1,4,-5,本気,2,装填数,2,火耐性,-3,狂撃耐性,2,,,天廻龍の上虹翼,2,天廻龍の堅殻,5,天廻龍の逆鱗,1,天廻龍の尻尾,1
フィリアＳフォールド,2,1,7,1,7,99,65,128,-4,4,0,3,-6,匠,2,本気,2,火耐性,-3,狂撃耐性,2,,,天廻龍の上虹翼,2,天廻龍の堅殻,5,天廻龍の逆鱗,1,天廻龍の尻尾,1
フィリアＳコート,2,2,7,1,7,99,33,81,-3,5,1,4,-5,本気,2,装填数,2,火耐性,-3,狂撃耐性,2,,,天廻龍の上虹翼,2,天廻龍の堅殻,5,天廻龍の逆鱗,1,天廻龍の尻尾,1
金色ノ帯,0,1,7,1,7,99,65,128,2,1,3,-6,2,本気,4,闘魂,3,スタミナ,-1,,,,,金獅子の尖角,1,金獅子の黒毛,4,翼蛇竜の上皮,2,獄炎の龍鱗,2
黒子ノ帯,0,2,7,1,7,99,33,81,3,2,4,-5,3,本気,4,闘魂,3,スタミナ,-2,,,,,金獅子の尖角,1,金獅子の黒毛,4,翼蛇竜の上皮,2,獄炎の龍鱗,2
怒天ノ帯,0,1,7,1,7,99,81,134,2,1,4,-7,2,匠,1,本気,3,闘魂,3,スタミナ,-2,,,羅刹の金角,1,金獅子の怒髪,1,金獅子の尖爪,1,黄金の毛,3
心滅ノ帯,0,2,7,1,7,99,41,83,3,2,5,-6,3,装填速度,1,本気,3,闘魂,3,スタミナ,-2,,,羅刹の金角,1,金獅子の怒髪,1,金獅子の尖爪,1,黄金の毛,3
クシャナアンダ,0,1,7,3,7,99,68,131,-2,2,-5,5,-6,匠,2,溜め短縮,2,毒,-2,,,,,鋼龍の堅殻,4,鋼龍の尖爪,2,鋼龍の翼膜,2,獄炎石,1
クシャナアドミ,0,2,7,3,7,99,34,81,-1,3,-4,6,-5,溜め短縮,2,装填数,2,毒,-2,,,,,鋼龍の堅殻,4,鋼龍の尖爪,2,鋼龍の翼膜,2,獄炎石,1
カイザーフォールド,0,1,7,2,7,99,68,131,4,-6,1,-2,-2,細菌学,1,属性解放,2,剣術,3,耐寒,-2,,,獄炎の龍鱗,4,炎王龍のたてがみ,4,獄炎石,2,古龍の血,3
カイザーコート,0,2,7,1,7,99,34,81,5,-5,2,-1,-1,細菌学,1,属性解放,2,装填速度,4,耐寒,-2,,,獄炎の龍鱗,4,炎王龍のたてがみ,4,獄炎石,2,古龍の血,3
残陽・覇【腰当て】,1,1,7,1,7,99,64,127,3,2,-4,3,-4,抜刀会心,2,不動,2,達人,3,底力,-3,,,豪山龍の上腕甲,4,豪山龍の堅岩殻,6,豪山龍の上紅鱗,5,勇気の証Ｇ,1
東雲・覇【腰当て】,1,2,7,1,7,99,32,80,4,3,-3,4,-3,装填速度,-3,速射,2,不動,2,貫通弾強化,2,,,豪山龍の上腕甲,4,豪山龍の堅岩殻,6,豪山龍の上紅鱗,5,勇気の証Ｇ,1
常磐・覇【腰当て】,2,1,7,1,7,99,64,127,3,2,-4,3,-4,抜刀会心,2,不動,2,達人,3,底力,-3,,,豪山龍の上腕甲,4,豪山龍の堅岩殻,6,豪山龍の上紅鱗,5,勇気の証Ｇ,1
八千代・覇【腰当て】,2,2,7,1,7,99,32,80,4,3,-3,4,-3,装填速度,-3,速射,2,不動,2,貫通弾強化,2,,,豪山龍の上腕甲,4,豪山龍の堅岩殻,6,豪山龍の上紅鱗,5,勇気の証Ｇ,1
リベリオンコイル,0,1,7,0,8,99,69,132,3,3,-2,-2,-3,怒,3,頑強,1,攻撃,-3,,,,,蛇王龍の鋼皮,5,蛇王龍の尾鱗,4,蛇王龍の鉤爪,2,凶星の破片,6
ライオットコート,0,2,7,0,8,99,35,81,4,4,-1,-1,-2,怒,3,頑強,1,攻撃,-3,,,,,蛇王龍の鋼皮,5,蛇王龍の尾鱗,4,蛇王龍の鉤爪,2,凶星の破片,6
アカムトイッケク,0,1,7,2,7,99,65,128,4,0,-3,2,-5,匠,2,達人,2,聴覚保護,1,斬れ味,-2,,,覇竜の堅殻,5,覇竜の大牙,3,覇竜の尻尾,1,雌火竜の紅玉,1
アカムトイッケタリ,0,2,7,2,7,99,33,81,5,1,-2,3,-4,装填速度,-2,達人,2,聴覚保護,1,装填数,2,,,覇竜の堅殻,5,覇竜の大牙,3,覇竜の尻尾,1,雌火竜の紅玉,1
シルバーソルコイル,0,1,7,2,7,10,81,134,2,-7,-4,0,4,痛撃,2,斬れ味,1,火属性攻撃,5,回復量,-3,,,銀火竜の堅殻,5,火竜の翼,3,火竜の紅玉,2,爆炎袋,3
シルバーソルコート,0,2,7,2,7,10,41,83,3,-6,-3,1,5,痛撃,2,貫通弾強化,2,火属性攻撃,3,回復量,-2,,,銀火竜の堅殻,5,火竜の翼,3,火竜の紅玉,2,爆炎袋,3
ゴールドルナコイル,0,1,7,3,7,10,81,134,2,-4,-7,0,4,運気,3,重撃,2,雷耐性,-2,加護,1,,,金火竜の上鱗,5,雌火竜の紅玉,1,火竜の煌液,3,獄炎石,3
ゴールドルナコート,0,2,7,3,7,10,41,83,3,-3,-6,1,5,運気,3,重撃,1,雷耐性,-2,加護,1,,,金火竜の上鱗,5,雌火竜の紅玉,1,火竜の煌液,3,獄炎石,3
グリードフォールド,0,1,7,0,7,10,64,127,-1,-1,-3,-1,-1,胴系統倍加,1,,,,,,,,,歴戦の漆黒皮,4,恐暴竜の大牙,2,恐暴竜の尻尾,2,古龍骨,2
グリードコート,0,2,7,0,7,10,32,80,0,0,-2,0,0,胴系統倍加,1,,,,,,,,,歴戦の漆黒皮,4,恐暴竜の大牙,2,恐暴竜の尻尾,2,古龍骨,2
エクスゼロコイル,0,1,7,2,8,10,81,134,3,-5,2,-3,1,一心,2,聴覚保護,3,研ぎ師,-2,食事,2,,,大轟竜の堅殻,6,大轟竜の上鱗,5,轟竜のアギト,1,火竜の延髄,1
エクスゼロコート,0,2,7,2,8,10,41,83,4,-4,3,-2,2,一心,2,反動,-2,聴覚保護,3,食事,2,,,大轟竜の堅殻,6,大轟竜の上鱗,5,轟竜のアギト,1,火竜の延髄,1
ドラゴンスパイン,0,1,7,3,8,99,84,136,-3,2,2,-1,-6,痛撃,1,達人,-3,斬れ味,1,,,,,黒龍の甲殻,4,黒龍の鱗,5,黒龍の翼膜,2,火竜の逆鱗,3
ドラゴンスケイル,0,2,7,3,8,99,42,83,-2,3,3,0,-5,痛撃,1,達人,-3,貫通弾強化,1,,,,,黒龍の甲殻,4,黒龍の鱗,5,黒龍の翼膜,2,火竜の逆鱗,3
ミラバルウイング,0,1,7,0,8,10,86,138,2,-1,1,-3,-7,怒,2,防御,-3,斬れ味,3,スタミナ,3,,,黒龍の紅殻,3,黒龍の紅鱗,2,黒龍の紅翼,1,黒龍の紅角,1
ミラバルテイル,0,2,7,0,8,10,43,84,3,0,2,-2,-6,怒,2,防御,-3,スタミナ,3,通常弾強化,3,,,黒龍の紅殻,3,黒龍の紅鱗,2,黒龍の紅翼,1,黒龍の紅角,1
キリンＵフープ,0,1,7,1,8,10,65,128,-3,-3,-1,6,3,属性耐性,2,運気,-3,氷属性攻撃,3,属性攻撃,3,,,キリンの霜尾,2,キリンの氷角,2,キリンの上皮,8,凍結袋,3
キリンＵショルト,0,2,7,1,8,10,33,81,-2,-2,0,7,4,属性耐性,2,運気,-3,氷属性攻撃,3,属性攻撃,3,,,キリンの霜尾,2,キリンの氷角,2,キリンの上皮,8,凍結袋,3
ウカムルイッケク,0,1,7,0,8,99,67,130,-5,0,-3,4,-2,刀匠,3,達人,-4,底力,2,耐泥耐雪,1,,,崩竜の削顎,1,崩竜の堅殻,2,竜玉,5,,
ウカムルイッケタリ,0,2,7,0,8,99,34,81,-4,1,-2,5,-1,射手,3,達人,-4,底力,2,耐泥耐雪,1,,,崩竜の削顎,1,崩竜の堅殻,2,竜玉,5,,
金剛【腰当て】,0,1,7,1,8,99,82,136,-2,3,2,2,-2,運気,2,ガード性能,4,火耐性,-2,耐震,2,,,砦蟹の鋏,1,鋼龍の堅殻,2,マレコガネ,2,,
不動【腰当て】,0,2,7,1,8,99,41,83,0,5,3,3,-1,反動,4,運気,2,火耐性,-2,耐震,2,,,砦蟹の鋏,1,鋼龍の堅殻,2,マレコガネ,2,,
夜叉【腰巻】,0,1,7,1,8,99,68,131,2,2,0,-2,-2,剣術,2,属性耐性,2,底力,-2,加護,3,,,神龍苔,2,神龍木,2,浮岳龍の体液,5,,
修羅【腰巻】,0,2,7,1,8,99,34,81,3,4,2,-1,-1,属性耐性,2,底力,-2,装填数,2,加護,3,,,神龍苔,2,神龍木,2,浮岳龍の体液,5,,
エンプレスフォールド,0,1,7,1,6,99,68,131,4,-2,1,-6,-2,匠,2,達人,2,ガード性能,1,火属性攻撃,2,耐寒,-2,炎妃龍のたてがみ,1,炎妃龍の堅殻,4,蒼火竜の上鱗,4,ユニオン鉱石,4
エンプレスコート,0,2,7,1,6,99,34,81,5,-1,2,-5,-1,達人,2,ガード強化,1,装填数,2,通常弾強化,2,耐寒,-2,炎妃龍のたてがみ,1,炎妃龍の堅殻,4,蒼火竜の上鱗,4,ユニオン鉱石,4
ミヅハ【丸帯】,0,1,7,1,8,99,69,132,-4,3,0,4,-1,属性解放,2,聴覚保護,1,風圧,4,耐暑,-3,,,霞龍の上皮,2,霞龍の尻尾,1,ノヴァクリスタル,1,,
トヨタマ【丸帯】,0,2,7,1,8,99,35,81,-3,4,1,5,0,属性解放,2,聴覚保護,1,風圧,4,耐暑,-3,,,霞龍の上皮,2,霞龍の尻尾,1,ノヴァクリスタル,1,,
ヘリオスコイル,1,1,7,1,8,99,84,136,0,3,-2,1,-5,聴覚保護,3,重撃,2,水属性攻撃,1,加護,-2,,,大海龍の甲皮,2,神秘の発光体,1,銀火竜の尻尾,1,,
ヘリオスコート,1,2,7,1,8,99,42,83,1,4,-1,2,-4,聴覚保護,1,重撃,2,水属性攻撃,1,加護,-2,,,大海龍の甲皮,2,神秘の発光体,1,銀火竜の尻尾,1,,
セレネコイル,2,1,7,1,8,99,84,136,0,3,-2,1,-5,聴覚保護,3,重撃,2,水属性攻撃,1,加護,-2,,,大海龍の甲皮,2,神秘の発光体,1,銀火竜の尻尾,1,,
セレネコート,2,2,7,1,8,99,42,83,1,4,-1,2,-4,聴覚保護,1,重撃,2,水属性攻撃,1,加護,-2,,,大海龍の甲皮,2,神秘の発光体,1,銀火竜の尻尾,1,,
エスカドラマイト,0,1,7,0,8,99,86,138,3,-2,-3,-3,-2,本気,1,属性耐性,3,回避距離,3,属性攻撃,2,気絶,-2,煌黒龍の逆鱗,4,煌黒龍の翼膜,1,炎龍の宝玉,1,,
エスカドラフォルス,0,2,7,0,8,99,43,84,4,-1,-2,-2,-1,本気,1,属性耐性,3,回避距離,3,属性攻撃,2,気絶,-2,煌黒龍の逆鱗,4,煌黒龍の翼膜,1,炎龍の宝玉,1,,
EXレイアフォールド,0,1,7,0,8,10,50,121,3,0,-2,0,-4,頑強,2,匠,3,回復量,4,気力回復,-3,,,希望の証,1,雌火竜の上鱗,4,雌火竜の紅玉,1,火炎袋,3
EXレイアコート,0,2,7,0,8,10,25,79,4,1,-1,1,-3,頑強,2,装填数,3,回復量,4,気力回復,-3,,,希望の証,1,雌火竜の上鱗,4,雌火竜の紅玉,1,火炎袋,3
EXレウスフォールド,0,1,7,3,8,10,57,126,3,0,-2,0,-4,剛撃,1,匠,2,気力回復,-2,狩人,2,,,希望の証,1,火竜の堅殻,5,火竜の紅玉,1,獄炎石,3
EXレウスコート,0,2,7,3,8,10,28,80,4,1,-1,1,-3,剛撃,1,装填数,2,気力回復,-2,狩人,2,,,希望の証,1,火竜の堅殻,5,火竜の紅玉,1,獄炎石,3
EXクシャナアンダ,0,1,7,2,8,99,82,136,-3,3,-6,6,-7,斬れ味,2,溜め短縮,2,毒,-2,,,,,鋼龍チケット,1,鋼龍の翼膜,5,銀火竜の上鱗,6,古龍骨,3
EXクシャナアドミ,0,2,7,2,8,99,41,83,-2,4,-5,7,-6,溜め短縮,2,装填数,2,毒,-2,,,,,鋼龍チケット,1,鋼龍の翼膜,5,銀火竜の上鱗,6,古龍骨,3
EXカイザーコイル,0,1,7,0,8,99,82,136,5,-7,2,-2,-4,属性解放,3,達人,4,耐寒,-2,,,,,炎王龍チケット,1,炎王龍の堅殻,5,蛇王龍の尾鱗,4,古龍骨,3
EXカイザーコート,0,2,7,0,8,99,41,83,6,-6,3,-1,-3,属性解放,3,達人,4,耐寒,-2,,,,,炎王龍チケット,1,炎王龍の堅殻,5,蛇王龍の尾鱗,4,古龍骨,3
EXレックスフォールド,0,1,7,2,8,99,82,136,3,-1,-5,0,-3,匠,1,攻撃,3,研ぎ師,-2,食いしん坊,3,,,探求者の証,1,轟竜の堅殻,4,覇竜の剛爪,4,竜玉,3
EXレックスコート,0,2,7,2,8,99,41,83,4,0,-4,1,-2,反動,-2,攻撃,3,装填数,1,食いしん坊,3,,,探求者の証,1,轟竜の堅殻,4,覇竜の剛爪,4,竜玉,3
大和【腰当て】,1,1,7,1,8,99,67,130,3,1,0,-4,-4,防御,4,達人,2,底力,-2,溜め短縮,2,,,希望の証,1,豪山龍の上腕甲,4,豪山龍の堅岩殻,6,豪山龍の上紅鱗,5
陸奥【腰当て】,1,2,7,1,8,99,34,81,4,2,1,-3,-3,装填速度,-2,反動,3,防御,5,貫通弾強化,1,,,希望の証,1,豪山龍の上腕甲,4,豪山龍の堅岩殻,6,豪山龍の上紅鱗,5
日向【腰当て】,2,1,7,1,8,99,67,130,3,1,0,-4,-4,防御,4,達人,2,底力,-2,溜め短縮,2,,,希望の証,1,豪山龍の上腕甲,4,豪山龍の堅岩殻,6,豪山龍の上紅鱗,5
天城【腰当て】,2,2,7,1,8,99,34,81,4,2,1,-3,-3,装填速度,-2,反動,3,防御,5,貫通弾強化,1,,,希望の証,1,豪山龍の上腕甲,4,豪山龍の堅岩殻,6,豪山龍の上紅鱗,5
忍の帯・天,0,1,7,2,8,10,81,134,2,-6,4,-3,2,防御,-2,回避性能,2,属性攻撃,2,,,,,希望の証Ｇ,1,勇気の証Ｇ,1,獄炎石,3,銀火竜の上鱗,5
忍の帯・地,0,2,7,2,8,10,41,83,3,-5,5,-2,3,防御,-2,回避性能,2,属性攻撃,2,,,,,希望の証Ｇ,1,勇気の証Ｇ,1,獄炎石,3,銀火竜の上鱗,5
ブルースターコイル,0,1,7,1,1,99,26,116,1,1,1,1,1,闘魂,1,水属性攻撃,3,采配,2,,,,,スタジオパス,1,ギルドチケット,2,火竜の甲殻,3,火竜の骨髄,3
ブルースターコート,0,2,7,1,1,99,13,72,2,2,2,2,2,闘魂,1,水属性攻撃,3,采配,1,,,,,スタジオパス,1,ギルドチケット,2,火竜の甲殻,3,火竜の骨髄,3
キャプテンＪコイル,0,1,7,0,4,99,26,105,-3,-3,-3,-3,-3,剥ぎ取り,4,運気,2,捕獲,2,加護,-3,,,海賊Ｊチケット,1,獄狼竜の堅殻,2,蝕龍蟲,2,獄狼竜の昏玉,1
キャプテンＪスカート,0,2,7,0,4,99,13,65,-2,-2,-2,-2,-2,剥ぎ取り,4,運気,2,捕獲,2,加護,-3,,,海賊Ｊチケット,1,獄狼竜の堅殻,2,蝕龍蟲,2,獄狼竜の昏玉,1
伝説Ｊコイル,0,1,7,2,8,99,44,105,-4,-4,-4,-4,-4,強欲,1,匠,2,剥ぎ取り,1,加護,-3,,,伝説Ｊの海賊帽,1,獄炎の龍鱗,3,炎王龍の堅殻,3,炎龍の塵粉,3
伝説Ｊスカート,0,2,7,2,8,99,22,65,-3,-3,-3,-3,-3,強欲,1,剥ぎ取り,1,装填数,2,加護,-3,,,伝説Ｊの海賊帽,1,獄炎の龍鱗,3,炎王龍の堅殻,3,炎龍の塵粉,3
坊屋ベルト,0,1,7,0,4,99,44,116,1,1,1,1,1,攻撃,5,気力回復,4,気配,-4,,,,,鈴蘭最強の証,2,ギルドチケットＳ,2,イーオスの上皮,5,鳥竜玉,3
坊屋バックル,0,2,7,0,4,99,22,72,2,2,2,2,2,攻撃,5,気力回復,4,気配,-4,,,,,鈴蘭最強の証,2,ギルドチケットＳ,2,イーオスの上皮,5,鳥竜玉,3
ユニクロポーチ,0,1,7,2,4,99,44,118,-3,1,0,4,0,聴覚保護,2,回避距離,3,食事,-2,耐寒,2,,,ユニクロチケット,1,黒轟竜の堅殻,2,黒轟竜の上鱗,3,狂竜結晶の欠片,2
ユニクロポシェット,0,2,7,2,4,99,22,73,-2,2,1,5,1,聴覚保護,2,回避距離,3,食事,-2,耐寒,2,,,ユニクロチケット,1,黒轟竜の堅殻,2,黒轟竜の上鱗,3,狂竜結晶の欠片,2
スタールークコイル,0,1,7,2,4,99,52,120,0,0,0,0,0,闘魂,3,不動,3,乗り,2,,,,,スタジオＧパス,2,金火竜の堅殻,2,蒼火竜の上鱗,2,雌火竜の紅玉,1
スタールークコート,0,2,7,2,4,99,26,73,1,1,1,1,1,闘魂,2,不動,3,乗り,3,,,,,スタジオＧパス,2,金火竜の堅殻,2,蒼火竜の上鱗,2,雌火竜の紅玉,1
ゾディアスコイル,0,1,7,0,4,99,52,122,1,1,1,1,1,胴系統倍加,1,,,,,,,,,冥天の星くず,2,鋼の龍鱗,5,鋼龍の翼膜,2,古龍の血,1
ゾディアスコート,0,2,7,0,4,99,26,73,2,2,2,2,2,胴系統倍加,1,,,,,,,,,冥天の星くず,2,鋼の龍鱗,5,鋼龍の翼膜,2,古龍の血,1
勇者のベルト,0,1,7,0,4,99,52,122,2,2,2,2,2,属性解放,2,採取,3,運気,3,気力回復,-4,,,トライフォース,1,金獅子の尻尾,2,キリンの上皮,3,超電雷光虫,4
勇者のバンド,0,2,7,0,4,99,26,73,3,3,3,3,3,属性解放,2,採取,3,運気,3,気力回復,-4,,,トライフォース,1,金獅子の尻尾,2,キリンの上皮,3,超電雷光虫,4
EXキリンＵフープ,0,1,7,2,7,99,1,134,0,0,1,6,3,属性解放,2,属性耐性,3,運気,-3,属性攻撃,1,,,幻獣チケット,1,キリンの上皮,3,キリンの蒼角,5,ギルドチケットＧ,1
EXキリンＵショルト,0,2,7,2,7,99,1,72,1,1,2,7,4,属性解放,3,属性耐性,2,運気,-3,属性攻撃,1,,,幻獣チケット,1,キリンの上皮,3,キリンの蒼角,5,ギルドチケットＧ,1
EXインゴットコイル,0,1,7,1,5,99,41,116,-2,-2,2,0,0,砲術,3,ガード強化,2,納刀,3,気まぐれ,-3,,,蛇と蛙チケット,1,フルクライト鉱石,18,カワズの殿油,3,ギルドチケットＳ,1
EXインゴットコート,0,2,7,1,5,99,21,78,-1,-1,3,1,1,反動,2,砲術,4,散弾強化,1,気まぐれ,-3,,,蛇と蛙チケット,1,フルクライト鉱石,18,カワズの殿油,3,ギルドチケットＳ,1
EXアーティアコイル,0,1,7,2,8,99,52,123,0,-3,-3,2,3,属性解放,3,ガード強化,3,研ぎ師,-3,,,,,金獅子チケット,1,太古の破片,5,金獅子の尖爪,5,ギルドチケットＧ,1
EXアーティアコート,0,2,7,2,8,99,26,79,1,-2,-2,3,4,装填速度,-3,反動,4,速射,2,,,,,金獅子チケット,1,太古の破片,5,金獅子の尖爪,5,ギルドチケットＧ,1
EXゴアフォールド,0,1,7,2,8,99,58,125,-5,3,-3,2,-2,細菌学,2,匠,2,闘魂,2,火耐性,-3,,,黒蝕竜チケット,1,天廻龍の堅殻,5,黒蝕竜の闇玉,2,ギルドチケットＧ,1
EXゴアコート,0,2,7,2,8,99,29,80,-4,4,-2,3,-1,細菌学,2,闘魂,2,装填数,2,火耐性,-3,,,黒蝕竜チケット,1,天廻龍の堅殻,5,黒蝕竜の闇玉,2,ギルドチケットＧ,1
EXリベリオンコイル,0,1,7,0,8,99,81,134,3,3,-2,-2,-3,怒,3,回避術,1,攻撃,-3,狂撃耐性,1,,,蛇王龍チケット,1,蛇王龍の尾鱗,6,蛇王龍の鉤爪,4,凶星の破片,2
EXライオットコート,0,2,7,0,8,99,41,83,4,4,-1,-1,-2,怒,3,回避術,1,攻撃,-3,狂撃耐性,1,,,蛇王龍チケット,1,蛇王龍の尾鱗,6,蛇王龍の鉤爪,4,凶星の破片,2
パティシエサロン,0,1,7,2,4,99,58,125,4,2,2,2,-5,効果持続,3,火属性攻撃,1,食欲,2,,,,,ユクモチケット,1,千刃竜の鋭刃鱗,3,化け鮫の上皮,2,お食事券,2
パティシエエプロン,0,2,7,2,4,99,29,80,5,3,3,3,-4,効果持続,3,火属性攻撃,1,食欲,2,,,,,ユクモチケット,1,千刃竜の鋭刃鱗,3,化け鮫の上皮,2,お食事券,2
ブナハＸコイル,0,1,8,1,9,99,72,129,-5,-1,2,-1,3,攻撃,-1,特殊攻撃,2,納刀,2,麻痺,4,,,飛甲虫の斬羽,2,飛甲虫の堅殻,3,モンスターの特濃,1,皇帝バッタ,2
ブナハＸコート,0,2,8,1,9,99,38,84,-4,0,3,0,4,攻撃,-1,特殊攻撃,2,納刀,2,麻痺,4,,,飛甲虫の斬羽,2,飛甲虫の堅殻,3,モンスターの特濃,1,皇帝バッタ,2
リノプロＸコイル,0,1,8,1,9,99,70,127,2,-1,-1,-1,1,砲術,4,KO,2,気絶,-2,耐泥耐雪,2,,,草食竜の重骨,1,草食竜の堅殻,1,大地の結晶,3,,
リノプロＸコート,0,2,8,1,9,99,36,82,3,0,0,0,2,砲術,4,KO,2,気絶,-2,耐泥耐雪,3,,,草食竜の重骨,1,草食竜の堅殻,1,大地の結晶,3,,
イーオスＸフォールド,0,1,8,1,9,99,80,135,0,-4,-4,3,3,特殊攻撃,2,毒,5,気絶,-2,,,,,イーオスの厚皮,3,イーオスの上皮,3,ユニオン鉱石,6,劇烈毒袋,2
イーオスＸコート,0,2,8,1,9,99,43,88,1,-3,-3,4,4,特殊攻撃,2,毒,4,気絶,-2,,,,,イーオスの厚皮,3,イーオスの上皮,3,ユニオン鉱石,6,劇烈毒袋,2
ガレオスＸフォールド,0,1,8,1,9,99,74,131,3,0,-2,-3,1,防御,1,千里眼,4,耐暑,3,腹減り,1,気絶,-2,砂竜の厚鱗,5,砂竜の桃ヒレ,1,砂竜の特上ヒレ,2,カブレライト鉱石,5
ガレオスＸコート,0,2,8,1,9,99,40,86,4,1,-1,-2,2,防御,1,千里眼,4,耐暑,3,腹減り,1,気絶,-2,砂竜の厚鱗,5,砂竜の桃ヒレ,1,砂竜の特上ヒレ,2,カブレライト鉱石,5
ウルクＸフォールド,0,1,8,2,9,99,80,135,-3,2,-1,2,2,回避距離,2,納刀,3,効果持続,2,耐暑,-2,耐寒,2,白兎獣の豪剛毛,3,白兎獣の凍爪,3,重厚な牙,3,皇帝バッタ,6
ウルクＸコート,0,2,8,2,9,99,43,88,-2,3,0,3,3,回避距離,2,納刀,3,効果持続,2,耐暑,-2,耐寒,2,白兎獣の豪剛毛,3,白兎獣の凍爪,3,重厚な牙,3,皇帝バッタ,6
ケチャＸフォールド,0,1,8,1,9,99,74,131,-5,3,-3,0,3,運気,-3,水属性攻撃,2,体術,2,気まぐれ,4,,,奇猿狐の地獄耳,1,奇猿狐の豪剛毛,4,重厚な骨,2,ドスヘラクレス,2
ケチャＸコート,0,2,8,1,9,99,40,86,-4,4,-2,1,4,運気,-3,水属性攻撃,2,体術,2,気まぐれ,4,,,奇猿狐の地獄耳,1,奇猿狐の豪剛毛,4,重厚な骨,2,ドスヘラクレス,2
ケチャＺフォールド,0,1,8,1,9,99,76,133,3,-5,-2,-3,3,斬れ味,2,対防御DOWN,2,火属性攻撃,1,水耐性,-3,体術,3,白猿狐の地獄耳,1,白猿狐の豪剛毛,4,重厚な骨,2,ドスヘラクレス,2
ケチャＺコート,0,2,8,1,9,99,41,87,4,-4,-1,-2,4,反動,2,対防御DOWN,2,火属性攻撃,1,水耐性,-3,体術,3,白猿狐の地獄耳,1,白猿狐の豪剛毛,4,重厚な骨,2,ドスヘラクレス,2
コンガＸフォールド,0,1,8,1,9,99,74,131,-4,1,1,-1,3,細菌学,1,特殊攻撃,2,食いしん坊,3,腹減り,-2,茸食,4,桃毛獣の豪剛毛,3,堅牢な牙獣牙,3,堅牢な鳥竜骨,2,堅竜骨,2
コンガＸコート,0,2,8,1,9,99,40,86,-3,2,2,0,4,細菌学,1,特殊攻撃,2,食いしん坊,3,腹減り,-2,茸食,4,桃毛獣の豪剛毛,3,堅牢な牙獣牙,3,堅牢な鳥竜骨,2,堅竜骨,2
コンガＺフォールド,0,1,8,2,9,99,76,133,1,0,0,-4,3,痛撃,1,底力,2,爆弾強化,2,腹減り,-1,茸食,2,緑毛獣の豪剛毛,3,堅牢な牙獣牙,3,鋭利な爪,4,堅竜骨,2
コンガＺコート,0,2,8,2,9,99,41,87,2,1,1,-3,4,痛撃,1,底力,2,爆弾強化,2,腹減り,-1,茸食,2,緑毛獣の豪剛毛,3,堅牢な牙獣牙,3,鋭利な爪,4,堅竜骨,2
ゲリョスＸフォールド,0,1,8,2,9,99,75,132,-5,2,3,-2,0,達人,1,スタミナ,2,腹減り,-2,毒,2,,,ゴム質の特上皮,4,モンスターの特濃,2,ノヴァクリスタル,1,エルトライト鉱石,2
ゲリョスＸコート,0,2,8,2,9,99,40,86,-4,3,4,-1,1,達人,1,スタミナ,1,腹減り,-2,毒,2,,,ゴム質の特上皮,4,モンスターの特濃,2,ノヴァクリスタル,1,エルトライト鉱石,2
ゲリョスＺフォールド,0,1,8,2,9,99,77,134,-5,2,3,-2,0,達人,-2,気力回復,3,風圧,2,気絶,2,,,ゴム質の紫柔皮,3,毒怪鳥の紫剛翼,2,ノヴァクリスタル,1,堅牢な鳥竜骨,5
ゲリョスＺコート,0,2,8,2,9,99,41,87,-4,3,4,-1,1,達人,-2,気力回復,3,風圧,2,気絶,2,,,ゴム質の紫柔皮,3,毒怪鳥の紫剛翼,2,ノヴァクリスタル,1,堅牢な鳥竜骨,5
ザザミＸフォールド,0,1,8,2,9,99,75,132,-3,3,-4,0,1,防御,3,ガード性能,2,雷耐性,-2,節食,2,,,盾蟹の重殻,4,盾蟹の剛爪,1,鋭利な爪,2,堅竜骨,5
ザザミＸコート,0,2,8,2,9,99,40,86,-2,4,-3,1,2,防御,3,精密射撃,2,雷耐性,-2,節食,2,,,盾蟹の重殻,4,盾蟹の剛爪,1,鋭利な爪,2,堅竜骨,5
ザザミＺフォールド,0,1,8,3,9,99,86,137,0,3,-2,-4,1,ガード性能,1,スタミナ,-3,根性,3,体術,1,,,盾蟹の紫殻,4,黒真珠,5,重竜骨,3,堅竜骨,3
ザザミＺコート,0,2,8,3,9,99,46,89,1,6,-1,-2,2,反動,1,根性,3,装填数,-3,貫通弾強化,1,,,盾蟹の紫殻,4,黒真珠,5,重竜骨,3,堅竜骨,3
カブラＸフォールド,0,1,8,0,9,99,78,135,3,-5,-4,0,2,防御,5,採取,-2,体力,2,研ぎ師,1,減気攻撃,3,鬼蛙の厚鱗,4,草食竜の重骨,3,重厚な骨,2,怪力の種,9
カブラＸコート,0,2,8,0,9,99,42,88,4,-4,-3,1,3,装填速度,2,防御,5,採取,-2,体力,2,減気攻撃,3,鬼蛙の厚鱗,4,草食竜の重骨,3,重厚な骨,2,怪力の種,9
カブラＺフォールド,0,1,8,1,9,99,80,137,3,0,-4,-5,2,属性解放,2,聴覚保護,2,ガード強化,4,研ぎ師,-3,爆弾強化,2,荒鬼蛙の厚鱗,4,草食竜の重骨,3,重厚な骨,2,怪力の種,9
カブラＺコート,0,2,8,1,9,99,43,89,4,1,-3,-4,3,属性解放,2,装填速度,-3,聴覚保護,2,ガード強化,4,爆弾強化,2,荒鬼蛙の厚鱗,4,草食竜の重骨,3,重厚な骨,2,怪力の種,9
スキュラＸフォールド,0,1,8,1,9,99,82,135,-3,3,-3,2,3,達人,3,観察眼,1,腹減り,-2,睡眠,2,耐粘,4,影蜘蛛の重殻,2,影蜘蛛の重鋏角,3,重厚な骨,1,飛甲虫の斬羽,4
スキュラＸコート,0,2,8,1,9,99,44,88,-2,4,-2,3,4,達人,3,観察眼,1,腹減り,-2,睡眠,2,耐粘,4,影蜘蛛の重殻,2,影蜘蛛の重鋏角,3,重厚な骨,1,飛甲虫の斬羽,4
ザボアＸフォールド,0,1,8,2,9,99,84,135,-4,3,-5,3,0,氷属性攻撃,2,肉食,4,食事,2,腹減り,-2,,,化け鮫の厚皮,4,化け鮫の特上ヒレ,2,化け鮫の剛刃尾,1,瞬間凍結袋,1
ザボアＸコート,0,2,8,2,9,99,45,88,-3,4,-4,4,1,氷属性攻撃,2,肉食,4,食事,2,腹減り,-2,,,化け鮫の厚皮,4,化け鮫の特上ヒレ,2,化け鮫の剛刃尾,1,瞬間凍結袋,1
ザボアＺフォールド,0,1,8,3,9,99,86,137,2,3,-4,-5,0,気力回復,1,回復速度,3,耐震,2,裂傷,-2,,,虎鮫の厚皮,4,虎鮫の特上ヒレ,2,虎鮫の剛刃尾,1,強力麻痺袋,1
ザボアＺコート,0,2,8,3,9,99,46,89,3,4,-3,-4,1,気力回復,1,回復速度,3,耐震,2,裂傷,-2,,,虎鮫の厚皮,4,虎鮫の特上ヒレ,2,虎鮫の剛刃尾,1,強力麻痺袋,1
ガララＸフォールド,0,1,8,2,9,99,86,137,3,-3,0,-5,3,痛撃,2,捕獲,3,聴覚保護,2,気まぐれ,-2,,,絞蛇竜の厚皮,6,身も凍るクチバシ,1,絞蛇竜の牙,5,草食竜の重骨,3
ガララＸコート,0,2,8,2,9,99,46,89,4,-2,1,-4,4,痛撃,3,捕獲,3,聴覚保護,2,気まぐれ,-2,,,絞蛇竜の厚皮,6,身も凍るクチバシ,1,絞蛇竜の牙,5,草食竜の重骨,3
ガララＺフォールド,0,1,8,1,9,99,88,139,-5,3,-3,4,3,抜刀減気,1,研ぎ師,5,減気攻撃,2,水属性攻撃,2,気力回復,-2,水蛇竜の厚皮,6,身も凍るクチバシ,1,特大水袋,2,草食竜の重骨,3
ガララＺコート,0,2,8,1,9,99,47,90,-4,4,-2,5,4,装填速度,5,速射,1,減気攻撃,2,水属性攻撃,2,気力回復,-2,水蛇竜の厚皮,6,身も凍るクチバシ,1,特大水袋,2,草食竜の重骨,3
フルフルＸフォールド,0,1,8,2,9,99,84,135,-5,1,1,2,1,雷属性攻撃,5,回復速度,2,気絶,-2,,,,,特撰アルビノ,1,真珠色の艶皮,2,雷電袋,2,ノヴァクリスタル,2
フルフルＸコート,0,2,8,2,9,99,45,88,-4,2,2,3,2,雷属性攻撃,5,回復速度,2,気絶,-2,,,,,特撰アルビノ,1,真珠色の艶皮,2,雷電袋,2,ノヴァクリスタル,2
フルフルＺフォールド,0,1,8,2,9,99,86,137,1,-5,1,2,1,一心,3,回復量,3,広域,1,回復速度,-2,節食,1,魅惑色の艶皮,2,魅惑色の剛翼,2,雷電袋,2,ノヴァクリスタル,2
フルフルＺコート,0,2,8,2,9,99,46,89,2,-4,2,3,2,一心,3,回復量,3,広域,1,回復速度,-2,節食,1,魅惑色の艶皮,2,魅惑色の剛翼,2,雷電袋,2,ノヴァクリスタル,2
レイアＸフォールド,0,1,8,1,9,99,84,135,3,0,-2,0,-4,体力,5,火属性攻撃,4,回復量,1,回復速度,-2,,,雌火竜の厚鱗,3,火竜の剛翼爪,4,獄炎石,2,大竜玉,1
レイアＸコート,0,2,8,1,9,99,45,88,4,1,-1,1,-3,体力,5,火属性攻撃,3,回復量,1,回復速度,-2,,,雌火竜の厚鱗,3,火竜の剛翼爪,4,獄炎石,2,大竜玉,1
リオハートＺコイル,0,1,8,2,9,99,86,137,3,0,-2,0,-4,底力,3,火属性攻撃,2,風圧,4,気配,-1,,,桜火竜の厚鱗,3,桜火竜の重殻,2,業炎袋,2,雌火竜の天鱗,1
リオハートＺコート,0,2,8,2,9,99,46,89,4,1,-1,1,-3,底力,3,火属性攻撃,2,風圧,4,気配,-1,,,桜火竜の厚鱗,3,桜火竜の重殻,2,業炎袋,2,雌火竜の天鱗,1
ランポスＸフォールド,0,1,8,2,9,99,74,131,0,0,0,-5,3,匠,2,攻撃,3,麻痺,-2,気絶,3,,,ランポスの剛爪,2,鳴き袋,4,ランポスの上皮,3,ユニオン鉱石,2
ランポスＸコート,0,2,8,2,9,99,40,86,1,1,1,-4,4,攻撃,3,装填数,2,麻痺,-2,気絶,3,,,ランポスの剛爪,2,鳴き袋,4,ランポスの上皮,3,ユニオン鉱石,2
クックＸフォールド,0,1,8,1,9,99,74,131,3,0,-2,-4,2,攻撃,4,聴覚保護,-2,スタミナ,3,火耐性,2,肉食,1,怪鳥の厚鱗,2,怪鳥の重殻,3,重厚な骨,3,,
クックＸコート,0,2,8,1,9,99,40,86,4,1,-1,-3,3,攻撃,4,聴覚保護,-2,スタミナ,3,火耐性,2,肉食,1,怪鳥の厚鱗,2,怪鳥の重殻,3,重厚な骨,3,,
クックＺフォールド,0,1,8,2,9,99,76,133,3,-4,-3,0,2,達人,2,スタミナ,2,火属性攻撃,3,水耐性,-2,,,青怪鳥の厚鱗,2,青怪鳥の重殻,3,堅牢な鳥竜骨,2,堅竜骨,3
クックＺコート,0,2,8,2,9,99,41,87,4,-3,-2,1,3,達人,1,スタミナ,2,火属性攻撃,3,水耐性,-2,,,青怪鳥の厚鱗,2,青怪鳥の重殻,3,堅牢な鳥竜骨,2,堅竜骨,3
バサルＸフォールド,0,1,8,1,9,99,86,137,-1,-2,1,1,-3,抜刀減気,1,納刀,3,食事,4,腹減り,-2,耐泥耐雪,2,岩竜の重殻,4,エルトライト鉱石,7,ユニオン鉱石,8,堅牢な鳥竜骨,3
バサルＸコート,0,2,8,1,9,99,46,89,0,-1,2,2,-2,納刀,2,減気攻撃,1,食事,3,腹減り,-2,耐泥耐雪,2,岩竜の重殻,4,エルトライト鉱石,7,ユニオン鉱石,8,堅牢な鳥竜骨,3
バサルＺフォールド,0,1,8,1,9,99,88,139,0,-2,0,-3,1,ガード性能,4,重撃,3,耐暑,3,毒,2,麻痺,-2,桃岩竜の重殻,4,エルトライト鉱石,7,劇烈毒袋,3,堅牢な鳥竜骨,3
バサルＺコート,0,2,8,1,9,99,47,90,1,-1,1,-2,2,回避術,3,通常弾強化,3,耐暑,3,毒,2,麻痺,-2,桃岩竜の重殻,4,エルトライト鉱石,7,劇烈毒袋,3,堅牢な鳥竜骨,3
ペッコＸコイル,0,1,8,1,9,99,75,132,2,-1,0,-3,0,属性解放,2,観察眼,1,広域,4,笛,2,,,彩鳥の厚鱗,2,徹甲虫の重殻,2,極彩色の艶羽根,1,,
ペッコＸコート,0,2,8,1,9,99,40,86,3,0,1,-2,1,属性解放,2,観察眼,1,広域,4,笛,2,,,彩鳥の厚鱗,2,徹甲虫の重殻,2,極彩色の艶羽根,1,,
ボロスＸフォールド,0,1,8,1,9,99,85,136,4,-4,1,-2,0,攻撃,3,ガード性能,4,体術,2,腹減り,-2,,,土砂竜の重殻,2,草食竜の重骨,2,重竜骨,3,,
ボロスＸコート,0,2,8,1,9,99,45,88,5,-3,2,-1,1,攻撃,3,精密射撃,3,体術,2,腹減り,-2,,,土砂竜の重殻,2,草食竜の重骨,2,重竜骨,3,,
ガブルＸフォールド,0,1,8,2,9,99,85,136,-2,3,-4,0,1,達人,3,回避距離,1,食事,4,回復速度,-2,,,灯魚竜の厚皮,2,化け鮫の剛刃尾,1,化け鮫の特上ヒレ,1,強力麻痺袋,5
ガブルＸコート,0,2,8,2,9,99,45,88,-1,4,-3,1,2,達人,3,回避距離,1,食事,4,回復速度,-2,,,灯魚竜の厚皮,2,化け鮫の剛刃尾,1,化け鮫の特上ヒレ,1,強力麻痺袋,5
ハプルＸフォールド,0,1,8,2,9,99,85,136,2,0,-2,-4,1,属性解放,2,抜刀減気,1,納刀,2,雷属性攻撃,-3,食事,2,潜口竜の重殻,3,光り輝く体液,2,重厚な牙,3,,
ハプルＸコート,0,2,8,2,9,99,45,88,3,1,-1,-3,2,装填速度,2,納刀,1,貫通弾強化,1,雷属性攻撃,-3,,,潜口竜の重殻,3,光り輝く体液,2,重厚な牙,3,,
ベリオＸフォールド,0,1,8,0,9,99,87,138,-5,0,-1,3,0,回避性能,3,氷属性攻撃,4,体術,5,気力回復,-2,,,琥珀色の重牙,2,氷牙竜の厚毛皮,4,大竜玉,1,,
ベリオＸコート,0,2,8,0,9,99,47,90,-4,1,0,4,1,回避性能,4,氷属性攻撃,4,体術,4,気力回復,-2,,,琥珀色の重牙,2,氷牙竜の厚毛皮,4,大竜玉,1,,
アグナＸフォールド,0,1,8,3,9,99,88,139,3,-5,0,-1,0,属性解放,1,ガード性能,3,底力,-2,火属性攻撃,2,,,炎戈竜の重殻,2,大竜玉,1,堅牢な鳥竜骨,6,,
アグナＸコート,0,2,8,3,9,99,47,90,4,-4,1,0,1,痛撃,3,底力,-2,精密射撃,2,火属性攻撃,2,,,炎戈竜の重殻,2,大竜玉,1,堅牢な鳥竜骨,6,,
ガノスＺフォールド,0,1,8,2,9,99,80,135,-4,4,-4,2,0,捕獲,3,スタミナ,1,耐暑,1,高速設置,2,,,翠水竜の厚鱗,1,翠水竜の特上ビレ,1,皇帝バッタ,3,,
ガノスＺコート,0,2,8,2,9,99,43,88,-2,6,-2,3,1,捕獲,3,スタミナ,1,耐暑,1,高速設置,2,,,翠水竜の厚鱗,1,翠水竜の特上ビレ,1,皇帝バッタ,3,,
オウビートＸアンカ,1,1,8,2,9,99,72,129,3,-5,3,-4,2,採取,3,回避性能,3,特殊攻撃,2,耐寒,-2,,,ドスツノアゲハ,2,皇帝バッタ,2,ピュアクリスタル,1,,
オウビートＸコクサ,1,2,8,2,9,99,38,84,4,-4,5,-3,2,採取,3,回避性能,3,特殊攻撃,2,耐寒,-2,,,ドスツノアゲハ,2,皇帝バッタ,2,ピュアクリスタル,1,,
パピメルＸアンカ,2,1,8,2,9,99,72,129,3,-5,3,-4,2,採取,3,回避性能,3,特殊攻撃,2,耐寒,-2,,,ドスツノアゲハ,2,皇帝バッタ,2,ピュアクリスタル,1,,
パピメルＸコクサ,2,2,8,2,9,99,38,84,4,-4,5,-3,2,採取,3,回避性能,3,特殊攻撃,2,耐寒,-2,,,ドスツノアゲハ,2,皇帝バッタ,2,ピュアクリスタル,1,,
ロワーガＸアンカ,1,1,8,1,10,99,92,141,-4,0,3,-1,1,属性解放,2,聴覚保護,3,龍属性攻撃,3,加護,-2,ハチミツ,2,ドスクワアゲハ,2,コスモライト鉱石,1,光蟲,15,ボンバッタ,15
ロワーガＸコクサ,1,2,8,1,10,99,50,91,-3,1,4,0,2,属性解放,2,聴覚保護,3,龍属性攻撃,3,加護,-2,ハチミツ,2,ドスクワアゲハ,2,コスモライト鉱石,1,光蟲,15,ボンバッタ,15
ファルメルＸアンカ,2,1,8,1,10,99,92,141,-4,0,3,-1,1,属性解放,2,聴覚保護,3,龍属性攻撃,3,加護,-2,ハチミツ,2,ドスクワアゲハ,2,コスモライト鉱石,1,光蟲,15,ボンバッタ,15
ファルメルＸコクサ,2,2,8,1,10,99,50,91,-3,1,4,0,2,属性解放,2,聴覚保護,3,龍属性攻撃,3,加護,-2,ハチミツ,2,ドスクワアゲハ,2,コスモライト鉱石,1,光蟲,15,ボンバッタ,15
ガーディアンＸコイル,1,1,8,1,9,99,80,135,0,0,0,0,0,採取,-2,運気,3,砲術,3,加護,2,,,エルトライト鉱石,2,クロオビコインＧ,3,蛇竜のコインＧ,5,,
ガーディアンＸコート,1,2,8,1,9,99,43,88,1,1,1,1,1,採取,-2,運気,3,広域,3,加護,2,,,エルトライト鉱石,2,クロオビコインＧ,3,蛇竜のコインＧ,5,,
ヘルパーＸスカート,2,1,8,1,9,99,80,135,0,0,0,0,0,採取,-2,運気,3,砲術,3,加護,2,,,エルトライト鉱石,2,クロオビコインＧ,3,蛇竜のコインＧ,5,,
ヒーラーＸフリル,2,2,8,1,9,99,43,88,1,1,1,1,1,採取,-2,運気,3,広域,3,加護,2,,,エルトライト鉱石,2,クロオビコインＧ,3,蛇竜のコインＧ,5,,
レギオスＸフォールド,0,1,9,3,10,99,92,145,3,0,-3,-2,0,研ぎ師,-3,体術,3,裂傷,1,斬術,1,,,千刃竜の斬刃鱗,5,千刃竜の破刃,4,千刃竜の鏡玉,1,砂竜の特上ヒレ,4
レギオスＸコート,0,2,9,3,10,99,50,94,4,1,-2,-1,1,装填速度,-3,反動,1,通常弾強化,3,体術,3,,,千刃竜の斬刃鱗,5,千刃竜の破刃,4,千刃竜の鏡玉,1,砂竜の特上ヒレ,4
スキュラＺフォールド,0,1,9,2,10,99,92,141,-1,3,0,-3,3,剥ぎ取り,2,達人,2,体力,-4,回避距離,2,特殊会心,1,骸蜘蛛の重殻,2,骸蜘蛛の重鋏角,3,重厚な骨,1,鋭利な爪,3
スキュラＺコート,0,2,9,2,10,99,50,91,0,4,1,-2,4,剥ぎ取り,1,達人,2,体力,-4,回避距離,2,特殊会心,1,骸蜘蛛の重殻,2,骸蜘蛛の重鋏角,3,重厚な骨,1,鋭利な爪,3
レウスＸフォールド,0,1,9,2,10,99,92,141,3,0,-2,0,-4,攻撃,2,火属性攻撃,4,回復量,-2,,,,,火竜の重殻,6,火竜の剛翼,3,火竜の紅玉,1,メランジェ鉱石,2
レウスＸコート,0,2,9,2,10,99,50,91,4,1,-1,1,-3,攻撃,2,火属性攻撃,3,回復量,-2,,,,,火竜の重殻,6,火竜の剛翼,3,火竜の紅玉,1,メランジェ鉱石,2
リオソウルＺコイル,0,1,9,2,10,99,94,143,3,0,0,-2,-4,達人,4,体力,-2,聴覚保護,3,属性会心,3,,,蒼火竜の重殻,2,蒼火竜の厚鱗,4,エルトライト鉱石,3,業炎袋,2
リオソウルＺコート,0,2,9,2,10,99,51,92,4,1,1,-1,-3,達人,4,体力,-2,聴覚保護,2,属性会心,3,,,蒼火竜の重殻,2,蒼火竜の厚鱗,4,エルトライト鉱石,3,業炎袋,2
レックスＸフォールド,0,1,9,3,10,99,96,143,2,-1,-4,0,-2,匠,1,攻撃,3,研ぎ師,-2,食いしん坊,3,,,轟竜の重殻,6,轟竜の厚鱗,5,轟竜の天鱗,1,肉厚な厚皮,3
レックスＸコート,0,2,9,3,10,99,52,92,3,0,-3,1,-1,反動,-2,攻撃,3,装填数,1,食いしん坊,3,,,轟竜の重殻,6,轟竜の厚鱗,5,轟竜の天鱗,1,肉厚な厚皮,3
レックスＺフォールド,0,1,9,2,10,99,97,144,2,-4,-2,0,-1,聴覚保護,3,研ぎ師,-1,観察眼,1,食事,1,高速設置,3,黒轟竜の重殻,4,黒轟竜の厚鱗,6,大竜玉,1,イーオスの厚皮,8
レックスＺコート,0,2,9,2,10,99,54,94,3,-3,-1,1,0,反動,-1,聴覚保護,3,観察眼,1,食事,1,高速設置,3,黒轟竜の重殻,4,黒轟竜の厚鱗,6,大竜玉,1,イーオスの厚皮,8
ジンオウＸフォールド,0,1,9,3,10,99,90,139,0,-2,3,-4,1,本気,3,斬れ味,2,雷属性攻撃,2,気配,-2,,,雷狼竜の重殻,5,雷狼竜の雷電毛,3,雷狼竜の靭尾,1,雷狼竜の碧玉,1
ジンオウＸコート,0,2,9,3,10,99,49,90,1,-1,4,-3,2,装填速度,2,本気,3,雷属性攻撃,2,気配,-2,,,雷狼竜の重殻,5,雷狼竜の雷電毛,3,雷狼竜の靭尾,1,雷狼竜の碧玉,1
ジンオウＺフォールド,0,1,9,0,10,99,94,143,0,-4,-5,0,4,回避性能,4,溜め短縮,3,無傷,2,龍属性攻撃,4,回復量,-2,獄狼竜の重殻,5,獄狼竜の滅龍毛,4,獄狼竜の靭尾,1,極上の毛皮,5
ジンオウＺコート,0,2,9,0,10,99,51,92,1,-3,-4,1,5,回避性能,4,無傷,3,装填数,3,龍属性攻撃,4,回復量,-2,獄狼竜の重殻,5,獄狼竜の滅龍毛,4,獄狼竜の靭尾,1,極上の毛皮,5
セルタスＸフォールド,0,1,9,2,9,99,96,143,-3,2,-4,2,3,匠,2,砲術,2,斬れ味,2,気力回復,-2,,,徹甲虫の重殻,5,徹甲虫の斬羽,2,徹甲虫の剛角,1,皇帝バッタ,3
セルタスＸコート,0,2,9,1,9,99,52,92,-2,3,-3,3,4,装填速度,3,砲術,2,榴弾追加,4,気力回復,-2,,,徹甲虫の重殻,5,徹甲虫の斬羽,2,徹甲虫の剛角,1,皇帝バッタ,3
セルタスＺフォールド,0,1,9,3,9,99,97,144,0,0,-3,-4,3,砲術,2,斬れ味,-3,重撃,1,気力回復,2,,,斧甲虫の重殻,5,斧甲虫の斬羽,2,斧甲虫の剛角,1,皇帝バッタ,3
セルタスＺコート,0,2,9,3,9,99,54,94,1,1,-2,-3,4,砲術,2,重撃,1,榴弾追加,2,精密射撃,-3,,,斧甲虫の重殻,5,斧甲虫の斬羽,2,斧甲虫の剛角,1,皇帝バッタ,3
グラビドＸフォールド,0,1,9,0,10,99,96,143,3,-4,0,2,-3,不動,3,防御,5,ガード性能,4,スタミナ,-2,,,鎧竜の重殻,1,鎧竜の剛翼,2,重竜骨,1,鎧竜の天殻,1
グラビドＸコート,0,2,9,0,10,99,52,92,4,-3,1,3,-2,反動,4,不動,3,防御,5,スタミナ,-2,,,鎧竜の重殻,1,鎧竜の剛翼,2,重竜骨,1,鎧竜の天殻,1
グラビドＺフォールド,0,1,9,2,10,99,97,144,3,-5,1,1,1,頑強,2,ガード強化,2,スタミナ,-2,納刀,3,,,黒鎧竜の重殻,1,黒鎧竜の重頭殻,1,重竜骨,1,真紅蓮石,1
グラビドＺコート,0,2,9,2,10,99,54,94,4,-4,2,2,2,頑強,2,ガード強化,2,スタミナ,-2,納刀,3,,,黒鎧竜の重殻,1,黒鎧竜の重頭殻,1,重竜骨,1,真紅蓮石,1
ディアブロＸコイル,0,1,9,1,10,99,96,143,2,0,0,-4,0,抜刀会心,2,研ぎ師,-2,納刀,3,気力回復,4,耐震,3,角竜の重甲,6,角竜の重尾甲,6,角竜の延髄,2,草食竜の重骨,4
ディアブロＸコート,0,2,9,1,10,99,53,93,3,1,1,-3,1,装填速度,4,納刀,1,貫通弾強化,2,精密射撃,-2,気力回復,4,角竜の重甲,6,角竜の重尾甲,6,角竜の延髄,2,草食竜の重骨,4
ディアブロＺコイル,0,1,9,2,10,99,98,145,4,0,0,-6,0,痛撃,2,回避距離,2,減気攻撃,2,KO,2,龍属性攻撃,-2,堅牢な黒巻き角,1,黒角竜の重甲,6,黒角竜の重殻,5,ピュアクリスタル,1
ディアブロＺコート,0,2,9,2,10,99,54,94,5,1,1,-5,1,装填速度,5,反動,2,痛撃,1,回避距離,2,龍属性攻撃,-2,堅牢な黒巻き角,1,黒角竜の重甲,6,黒角竜の重殻,5,ピュアクリスタル,1
ブラキＸフォールド,0,1,9,2,10,99,96,143,3,-4,0,-2,0,闘魂,4,回避性能,-2,底力,3,爆弾強化,1,回避距離,2,砕竜の剛鉄拳,2,砕竜の靭尾,1,砕竜の重殻,4,ピュアクリスタル,1
ブラキＸコート,0,2,9,2,10,99,53,93,4,-3,1,-1,1,闘魂,4,回避性能,-2,底力,2,爆弾強化,1,回避距離,2,砕竜の剛鉄拳,2,砕竜の靭尾,1,砕竜の重殻,4,ピュアクリスタル,1
バンギスＸコイル,0,1,9,0,11,99,106,148,0,0,-4,1,-4,胴系統倍加,1,,,,,,,,,恐暴竜の厚黒皮,4,恐暴竜の滅鱗,1,恐暴竜の厚黒鱗,6,濃縮重甲エキス,1
バンギスＸコート,0,2,9,0,11,99,60,96,1,1,-3,2,-3,胴系統倍加,1,,,,,,,,,恐暴竜の厚黒皮,4,恐暴竜の滅鱗,1,恐暴竜の厚黒鱗,6,濃縮重甲エキス,1
ケイオスフォールド,1,1,9,1,11,99,106,148,-5,4,-3,2,-3,属性解放,2,剣術,3,攻撃,2,運気,-2,重撃,3,二律を纏う乱翼,2,渾沌の竜鱗,3,黒蝕竜の靭尾,1,コスモライト鉱石,5
ケイオスコート,1,2,9,1,11,99,60,96,-4,5,-2,3,-2,装填速度,2,反動,3,攻撃,2,運気,-2,重撃,3,二律を纏う乱翼,2,渾沌の竜鱗,3,黒蝕竜の靭尾,1,コスモライト鉱石,5
ネフィリムフォールド,2,1,9,1,11,99,106,148,-5,4,-3,2,-3,属性解放,2,剣術,3,攻撃,2,運気,-2,重撃,3,二律を纏う乱翼,2,渾沌の竜鱗,3,黒蝕竜の靭尾,1,コスモライト鉱石,5
ネフィリムコート,2,2,9,1,11,99,60,96,-4,5,-2,3,-2,装填速度,2,反動,3,攻撃,2,運気,-2,重撃,3,二律を纏う乱翼,2,渾沌の竜鱗,3,黒蝕竜の靭尾,1,コスモライト鉱石,5
ガルルガＸフォールド,0,1,9,1,10,99,95,142,3,-4,3,-4,1,匠,2,達人,3,聴覚保護,2,斬れ味,3,,,黒狼鳥の厚鱗,4,黒狼鳥の重殻,4,業炎袋,3,エルトライト鉱石,2
ガルルガＸコート,0,2,9,1,10,99,52,92,4,-3,4,-3,2,達人,3,聴覚保護,2,装填数,2,貫通弾強化,3,,,黒狼鳥の厚鱗,4,黒狼鳥の重殻,4,業炎袋,3,エルトライト鉱石,2
モノブロＸコイル,0,1,9,1,10,99,96,143,0,2,-3,-4,2,属性解放,2,達人,2,底力,5,千里眼,1,加護,-2,一角竜の重殻,4,堅牢な真紅の角,1,一角竜の重甲,3,重竜骨,4
モノブロＸコート,0,2,9,1,10,99,52,92,1,3,-2,-3,3,属性解放,2,達人,2,底力,5,千里眼,1,加護,-2,一角竜の重殻,4,堅牢な真紅の角,1,一角竜の重甲,3,重竜骨,4
モノデビルコイル,0,1,9,1,10,99,100,145,0,2,-3,-4,2,匠,2,達人,2,底力,3,スタミナ,2,加護,-2,白一角竜の重甲,3,白一角竜の重殻,3,堅牢な白銀の角,1,重竜骨,4
モノデビルコート,0,2,9,1,10,99,55,94,1,3,-2,-3,3,達人,2,底力,3,スタミナ,2,装填数,2,加護,-2,白一角竜の重甲,3,白一角竜の重殻,3,堅牢な白銀の角,1,重竜骨,4
ゴアＸフォールド,0,1,9,2,10,99,95,142,-5,3,-3,2,-2,細菌学,3,闘魂,2,属性攻撃,2,火耐性,-3,狂撃耐性,3,黒蝕竜の暗黒翼,2,黒蝕竜の重殻,5,黒蝕竜の闇玉,1,黒蝕竜の靭尾,1
ゴアＸコート,0,2,9,2,10,99,52,92,-4,4,-2,3,-1,細菌学,3,闘魂,2,属性攻撃,3,火耐性,-3,狂撃耐性,3,黒蝕竜の暗黒翼,2,黒蝕竜の重殻,5,黒蝕竜の闇玉,1,黒蝕竜の靭尾,1
ナルガＸフォールド,0,1,9,3,10,99,91,140,-2,1,-4,1,1,回避性能,2,スタミナ,-2,回避距離,1,気配,2,,,迅竜の豪黒毛,5,迅竜の剛刃翼,3,イーオスの厚皮,3,,
ナルガＸコート,0,2,9,3,10,99,50,91,-1,2,-3,2,2,回避性能,2,スタミナ,-2,回避距離,1,気配,2,,,迅竜の豪黒毛,5,迅竜の剛刃翼,3,イーオスの厚皮,3,,
ラギアＸフォールド,0,1,9,3,10,99,93,142,-5,1,3,-1,-1,痛撃,2,特殊攻撃,-2,溜め短縮,1,加護,1,,,海竜の厚鱗,2,海竜の雷電殻,1,水蛇竜の重殻,4,身も凍るクチバシ,1
ラギアＸコート,0,2,9,3,10,99,51,92,-4,2,4,0,0,痛撃,2,特殊攻撃,-2,溜め短縮,1,加護,1,,,海竜の厚鱗,2,海竜の雷電殻,1,水蛇竜の重殻,4,身も凍るクチバシ,1
ドボルＸフォールド,0,1,9,2,10,99,96,143,-4,2,1,-2,1,攻撃,2,達人,-2,減気攻撃,2,逆境,1,,,尾槌竜の重殻,4,重竜骨,3,草食竜の重骨,2,,
ドボルＸコート,0,2,9,2,10,99,52,92,-3,3,2,-1,2,攻撃,1,達人,-2,減気攻撃,2,逆境,1,,,尾槌竜の重殻,4,重竜骨,3,草食竜の重骨,2,,
ラヴァＸフォールド,0,1,9,0,10,99,98,145,2,-3,0,0,1,盾持,3,回復速度,3,気配,-2,燃鱗,3,,,溶岩竜の特上ビレ,2,溶岩竜の厚鱗,2,真紅蓮石,3,,
ラヴァＸコート,0,2,9,0,10,99,54,94,3,-2,1,1,2,盾持,3,回復速度,3,気配,-2,燃鱗,3,,,溶岩竜の特上ビレ,2,溶岩竜の厚鱗,2,真紅蓮石,3,,
アーティアＸコイル,0,1,9,2,10,99,92,141,0,-3,-3,2,3,匠,2,研ぎ師,-3,気力回復,3,,,,,歪んだ破片,5,真紅蓮石,3,太古の破片,4,エルトライト鉱石,10
アーティアＸコート,0,2,9,2,10,99,50,91,1,-2,-2,3,4,装填速度,-3,装填数,2,精密射撃,3,,,,,歪んだ破片,5,真紅蓮石,3,太古の破片,4,エルトライト鉱石,10
ホークＸコイル,1,1,9,2,11,99,106,148,2,-1,1,0,2,採取,4,狩人,4,指揮,1,腹減り,-3,,,旅団チケットＧ,1,ニャンターの証,2,落陽草の花,5,星石の結晶,2
ホークＸコート,1,2,9,2,11,99,60,96,3,0,2,1,3,採取,4,狩人,4,指揮,1,腹減り,-3,,,旅団チケットＧ,1,ニャンターの証,2,落陽草の花,5,星石の結晶,2
エコールＸスカート,2,1,9,2,11,99,106,148,2,-1,1,0,2,採取,4,狩人,4,指揮,1,腹減り,-3,,,旅団チケットＧ,1,ニャンターの証,2,落陽草の花,5,星石の結晶,2
エコールＸフリル,2,2,9,2,11,99,60,96,3,0,2,1,3,採取,4,狩人,4,指揮,1,腹減り,-3,,,旅団チケットＧ,1,ニャンターの証,2,落陽草の花,5,星石の結晶,2
エースフォールド,1,1,9,1,10,99,92,141,3,0,0,0,2,潔癖,1,斬れ味,2,裂傷,-3,,,,,筆頭チケット,1,雷狼竜の逆鱗,1,真珠色の艶皮,2,古龍の血,2
エースコート,1,2,9,1,10,99,50,91,4,1,1,1,3,潔癖,1,速射,2,裂傷,-3,,,,,筆頭チケット,1,雷狼竜の逆鱗,1,真珠色の艶皮,2,古龍の血,2
クイーンフォールド,2,1,9,1,10,99,92,141,3,0,0,0,2,潔癖,1,斬れ味,2,裂傷,-3,,,,,筆頭チケット,1,雷狼竜の逆鱗,1,真珠色の艶皮,2,古龍の血,2
クイーンコート,2,2,9,1,10,99,50,91,4,1,1,1,3,潔癖,1,速射,2,裂傷,-3,,,,,筆頭チケット,1,雷狼竜の逆鱗,1,真珠色の艶皮,2,古龍の血,2
ガーディアンＺコイル,1,1,9,1,10,99,96,143,0,0,0,0,0,底力,-1,高速設置,2,乗り,3,節食,2,,,メランジェ鉱石,3,タツジンコインＧ,3,飛竜のコインＧ,5,,
ガーディアンＺコート,1,2,9,1,10,99,53,93,1,1,1,1,1,底力,-1,高速設置,2,乗り,3,節食,2,,,メランジェ鉱石,3,タツジンコインＧ,3,飛竜のコインＧ,5,,
ヘルパーＺスカート,2,1,9,1,10,99,96,143,0,0,0,0,0,底力,-1,高速設置,2,乗り,3,節食,2,,,メランジェ鉱石,3,タツジンコインＧ,3,飛竜のコインＧ,5,,
ヒーラーＺフリル,2,2,9,1,10,99,53,93,1,1,1,1,1,底力,-1,高速設置,2,乗り,3,節食,2,,,メランジェ鉱石,3,タツジンコインＧ,3,飛竜のコインＧ,5,,
Ｇ・ナイトＸコイル,1,1,9,2,12,99,110,150,0,0,0,0,0,居合,2,匠,3,剥ぎ取り,3,広域,2,気配,-2,コスモライト鉱石,5,デンセツコインＧ,3,獣竜のコインＧ,5,,
Ｇ・ナイトＸスカート,1,2,9,2,12,99,64,97,1,1,1,1,1,剛撃,2,剥ぎ取り,3,装填数,3,広域,2,気配,-2,コスモライト鉱石,5,デンセツコインＧ,3,獣竜のコインＧ,5,,
メイドＸスカート,2,1,9,2,12,99,110,150,0,0,0,0,0,居合,2,匠,3,剥ぎ取り,3,広域,2,気配,-2,コスモライト鉱石,5,デンセツコインＧ,3,獣竜のコインＧ,5,,
プライベートＸフリル,2,2,9,2,12,99,64,97,1,1,1,1,1,剛撃,2,剥ぎ取り,3,装填数,3,広域,2,気配,-2,コスモライト鉱石,5,デンセツコインＧ,3,獣竜のコインＧ,5,,
アークＸフォールド,1,1,10,2,11,99,109,151,-4,4,0,3,-6,潔癖,2,匠,2,本気,2,火耐性,-3,狂撃耐性,2,天廻龍の光虹翼,2,天廻龍の重殻,5,天廻龍の光玉,1,天廻龍の靭尾,1
アークＸコート,1,2,10,2,11,99,63,98,-3,5,1,4,-5,潔癖,2,本気,2,装填数,2,火耐性,-3,狂撃耐性,2,天廻龍の光虹翼,2,天廻龍の重殻,5,天廻龍の光玉,1,天廻龍の靭尾,1
フィリアＸフォールド,2,1,10,2,11,99,109,151,-4,4,0,3,-6,潔癖,2,匠,2,本気,2,火耐性,-3,狂撃耐性,2,天廻龍の光虹翼,2,天廻龍の重殻,5,天廻龍の光玉,1,天廻龍の靭尾,1
フィリアＸコート,2,2,10,2,11,99,63,98,-3,5,1,4,-5,潔癖,2,本気,2,装填数,2,火耐性,-3,狂撃耐性,2,天廻龍の光虹翼,2,天廻龍の重殻,5,天廻龍の光玉,1,天廻龍の靭尾,1
斉天ノ帯・真,0,1,10,2,11,99,106,148,2,1,3,-6,2,匠,3,本気,3,闘魂,3,スタミナ,-1,雷属性攻撃,2,金獅子の剛角,1,金獅子の黒荒毛,4,鋭利な爪,3,雌火竜の紅玉,1
仙師ノ帯・真,0,2,10,2,11,99,60,96,3,2,4,-5,3,本気,5,闘魂,4,スタミナ,-2,雷属性攻撃,2,,,金獅子の剛角,1,金獅子の黒荒毛,4,鋭利な爪,3,雌火竜の紅玉,1
怒天ノ帯・真,0,1,10,2,11,99,108,150,2,1,4,-7,2,刀匠,3,本気,2,闘魂,2,スタミナ,-2,属性攻撃,1,羅刹の金剛角,1,金獅子の怒髪天,1,金獅子の剛爪,3,ラージャンハート,1
心滅ノ帯・真,0,2,10,2,11,99,62,98,3,2,5,-6,3,射手,3,本気,2,闘魂,2,スタミナ,-2,属性攻撃,1,羅刹の金剛角,1,金獅子の怒髪天,1,金獅子の剛爪,3,ラージャンハート,1
クシャナＸアンダ,0,1,10,3,11,99,109,151,-2,2,-5,5,-6,匠,2,回避性能,3,溜め短縮,2,毒,-2,,,鋼龍の重殻,4,鋼龍の剛爪,2,鋼龍の剛翼,2,真紅蓮石,1
クシャナＸアドミ,0,2,10,3,11,99,63,98,-1,3,-4,6,-5,回避性能,2,溜め短縮,2,装填数,2,毒,-2,,,鋼龍の重殻,4,鋼龍の剛爪,2,鋼龍の剛翼,2,真紅蓮石,1
クジュラアンダ,0,1,10,3,12,99,116,152,3,-6,2,6,-5,回避距離,2,無傷,2,体術,3,毒,-3,,,錆鋼の龍殻,4,錆鋼の龍爪,2,暴風の破翼,2,真紅蓮石,1
クジュラアドミ,0,2,10,3,12,99,69,98,4,-5,3,7,-4,回避距離,2,無傷,2,体術,3,毒,-3,,,錆鋼の龍殻,4,錆鋼の龍爪,2,暴風の破翼,2,真紅蓮石,1
カイザーＸフォールド,0,1,10,3,11,99,109,151,4,-6,1,-2,-2,剣術,3,匠,2,攻撃,4,耐寒,-2,,,獄炎の厚龍鱗,4,炎王龍のたてがみ,4,真紅蓮石,2,古龍の血,5
カイザーＸコート,0,2,10,3,11,99,63,98,5,-5,2,-1,-1,細菌学,1,装填速度,4,攻撃,4,耐寒,-2,,,獄炎の厚龍鱗,4,炎王龍のたてがみ,4,真紅蓮石,2,古龍の血,5
ミヅハ真【丸帯】,0,1,10,3,11,99,109,151,-4,3,0,4,-1,特殊攻撃,5,耐暑,-3,特殊会心,4,,,,,霞龍の特上皮,4,霞龍の靭尾,1,太古龍骨,3,特撰アルビノ,1
トヨタマ真【丸帯】,0,2,10,3,11,99,63,98,-3,4,1,5,0,特殊攻撃,5,耐暑,-3,特殊会心,4,,,,,霞龍の特上皮,4,霞龍の靭尾,1,太古龍骨,3,特撰アルビノ,1
残陽・真【腰当て】,1,1,10,2,11,99,107,149,3,2,-4,3,-4,抜刀会心,2,不動,2,達人,1,砲術,4,底力,-3,豪山龍の重腕甲,4,豪山龍の重岩殻,6,豪山龍の重紅鱗,5,メランジェ鉱石,2
東雲・真【腰当て】,1,2,10,1,11,99,61,97,4,3,-3,4,-3,装填速度,-3,速射,2,不動,2,達人,1,貫通弾強化,5,豪山龍の重腕甲,4,豪山龍の重岩殻,6,豪山龍の重紅鱗,5,メランジェ鉱石,2
常磐・真【腰当て】,2,1,10,2,11,99,107,149,3,2,-4,3,-4,抜刀会心,2,不動,2,達人,1,砲術,4,底力,-3,豪山龍の重腕甲,4,豪山龍の重岩殻,6,豪山龍の重紅鱗,5,メランジェ鉱石,2
八千代・真【腰当て】,2,2,10,1,11,99,61,97,4,3,-3,4,-3,装填速度,-3,速射,2,不動,2,達人,1,貫通弾強化,5,豪山龍の重腕甲,4,豪山龍の重岩殻,6,豪山龍の重紅鱗,5,メランジェ鉱石,2
ゴグフォールド,0,1,10,2,12,99,110,152,-4,3,0,3,-7,達人,4,砲術,3,研ぎ師,-3,秘伝,2,,,巨戟龍の筋繊翼,2,巨戟龍の城殻,5,千刃竜の反逆鱗,1,巨戟龍の荊棘尾,1
マゴグコート,0,2,10,2,12,99,64,98,-3,4,1,4,-6,装填速度,-3,通常弾強化,3,射法,3,秘伝,2,,,巨戟龍の筋繊翼,2,巨戟龍の城殻,5,千刃竜の反逆鱗,1,巨戟龍の荊棘尾,1
リベリオンＺコイル,0,1,10,1,12,99,112,152,3,3,-2,-2,-3,状態耐性,2,属性解放,4,達人,-3,,,,,蛇帝龍の厚鋼皮,5,蛇帝龍の厚尾鱗,4,蛇帝龍の剛鉤爪,2,凶星の破片,6
ライオットＺコート,0,2,10,1,12,99,65,98,4,4,-1,-1,-2,状態耐性,1,速射,4,達人,-3,,,,,蛇帝龍の厚鋼皮,5,蛇帝龍の厚尾鱗,4,蛇帝龍の剛鉤爪,2,凶星の破片,6
アカムトＸイッケク,0,1,10,2,12,99,110,150,4,0,-3,2,-5,剣術,1,匠,2,達人,2,聴覚保護,1,斬れ味,-2,覇竜の重殻,5,覇竜の極大牙,3,覇竜の重尾,1,雌火竜の天鱗,1
アカムトＸイッケタリ,0,2,10,2,12,99,64,97,5,1,-2,3,-4,装填速度,-2,達人,2,聴覚保護,1,装填数,2,射法,1,覇竜の重殻,5,覇竜の極大牙,3,覇竜の重尾,1,雌火竜の天鱗,1
ウカムルＸイッケク,0,1,10,2,11,99,106,148,-5,0,-3,4,-2,剣術,1,匠,3,痛撃,1,加護,-3,耐震,2,崩竜の重殻,6,崩竜の剛穿爪,3,崩天玉,1,鋼龍の剛翼,2
ウカムルＸイッケタリ,0,2,10,2,11,99,60,96,-4,1,-2,5,-1,装填速度,5,痛撃,1,装填数,3,加護,-3,,,崩竜の重殻,6,崩竜の剛穿爪,3,崩天玉,1,鋼龍の剛翼,2
グリードＺフォールド,0,1,10,0,11,99,108,150,-1,-1,-3,-1,-1,胴系統倍加,1,,,,,,,,,血戦の漆黒皮,4,恐暴竜の重牙,2,恐暴竜の重尾,2,太古龍骨,2
グリードＺコート,0,2,10,0,11,99,62,98,0,0,-2,0,0,胴系統倍加,1,,,,,,,,,血戦の漆黒皮,4,恐暴竜の重牙,2,恐暴竜の重尾,2,太古龍骨,2
エクスゼロＺコイル,0,1,10,3,12,99,116,152,3,-5,2,-3,1,攻撃,4,聴覚保護,3,研ぎ師,-2,食事,2,,,大轟竜の重殻,6,大轟竜の厚鱗,5,轟竜のアギト,2,大竜玉,1
エクスゼロＺコート,0,2,10,3,12,99,69,98,4,-4,3,-2,2,反動,-2,攻撃,4,聴覚保護,3,食事,2,,,大轟竜の重殻,6,大轟竜の厚鱗,5,轟竜のアギト,2,大竜玉,1
ブラキウムフォールド,0,1,10,1,12,99,116,152,4,-3,0,-3,0,闘魂,4,底力,4,乗り,-3,剛腕,2,,,砕竜の撃滅拳,2,砕竜の重殻,4,砕竜の靭尾,1,不滅の炉心殻,1
ブラキウムコート,0,2,10,1,12,99,69,98,5,-2,1,-2,1,闘魂,4,底力,4,乗り,-3,剛腕,2,,,砕竜の撃滅拳,2,砕竜の重殻,4,砕竜の靭尾,1,不滅の炉心殻,1
ラーススパイン,0,1,10,0,12,99,120,156,2,-1,1,-3,-4,怒,2,攻撃,4,防御,-3,斬術,3,,,黒龍の紅焔殻,3,黒龍の紅焔鱗,2,黒龍の紅焔翼,1,崩天玉,1
ラーススケイル,0,2,10,0,12,99,72,101,3,0,2,-2,-5,怒,2,攻撃,4,防御,-3,裏稼業,3,,,黒龍の紅焔殻,3,黒龍の紅焔鱗,2,黒龍の紅焔翼,1,崩天玉,1
キリンＸフープ,0,1,10,2,11,99,98,145,-3,-3,5,-1,3,潔癖,2,属性解放,2,属性耐性,3,運気,-3,属性攻撃,2,キリンの特上皮,5,キリンの上皮,3,キリンの剛蒼角,2,雷電袋,3
キリンＸショルト,0,2,10,2,11,99,54,94,-2,-2,6,0,4,潔癖,2,属性解放,2,属性耐性,2,運気,-3,属性攻撃,2,キリンの特上皮,5,キリンの上皮,3,キリンの剛蒼角,2,雷電袋,3
キリンＺフープ,0,1,10,1,11,99,99,146,-3,-3,-1,6,3,回避術,2,属性耐性,2,運気,-3,氷属性攻撃,3,属性攻撃,3,キリンの靭霜尾,2,キリンの剛氷角,2,キリンの特上皮,8,瞬間凍結袋,3
キリンＺショルト,0,2,10,1,11,99,55,95,-2,-2,0,7,4,回避術,2,属性耐性,2,運気,-3,氷属性攻撃,3,属性攻撃,3,キリンの靭霜尾,2,キリンの剛氷角,2,キリンの特上皮,8,瞬間凍結袋,3
夜叉・真【腰巻】,0,1,10,1,11,99,110,152,2,2,0,-2,-2,剣術,2,属性耐性,2,底力,-2,根性,3,加護,3,太古の龍苔,2,浮岳龍のヒレ,2,大竜玉,1,,
修羅・真【腰巻】,0,2,10,1,11,99,64,99,3,4,2,-1,-1,属性耐性,2,底力,-2,根性,3,装填数,2,加護,3,太古の龍苔,2,浮岳龍のヒレ,2,大竜玉,1,,
大和・真【腰当て】,1,1,10,2,11,99,108,150,3,1,0,-4,-4,居合,2,達人,2,底力,-2,溜め短縮,2,,,峯山龍の重腕甲,1,峯山龍の重岩殻,4,鎧竜の重頭殻,3,,
陸奥・真【腰当て】,1,2,10,2,11,99,62,98,4,2,1,-3,-3,剛撃,2,装填速度,-2,反動,3,貫通弾強化,1,,,峯山龍の重腕甲,1,峯山龍の重岩殻,4,鎧竜の重頭殻,3,,
日向・真【腰当て】,2,1,10,2,11,99,108,150,3,1,0,-4,-4,居合,2,達人,2,底力,-2,溜め短縮,2,,,峯山龍の重腕甲,1,峯山龍の重岩殻,4,鎧竜の重頭殻,3,,
天城・真【腰当て】,2,2,10,2,11,99,62,98,4,2,1,-3,-3,剛撃,2,装填速度,-2,反動,3,貫通弾強化,1,,,峯山龍の重腕甲,1,峯山龍の重岩殻,4,鎧竜の重頭殻,3,,
エンプレスＸコイル,0,1,10,2,11,99,110,152,4,-2,1,-6,-2,達人,2,ガード性能,2,耐寒,-2,特殊会心,3,職工,2,炎妃龍の重殻,2,炎妃龍の尻尾,1,蒼火竜の厚鱗,4,メランジェ鉱石,4
エンプレスＸコート,0,2,10,2,11,99,64,99,5,-1,2,-5,-1,達人,2,ガード強化,2,耐寒,-2,特殊会心,3,職工,2,炎妃龍の重殻,2,炎妃龍の尻尾,1,蒼火竜の厚鱗,4,メランジェ鉱石,4
ヘリオスＸコイル,1,1,10,1,11,99,108,150,0,3,-2,1,-5,聴覚保護,3,スタミナ,5,重撃,3,水属性攻撃,1,加護,-2,大海龍の鱗,2,深淵の龍玉,1,火竜の靭尾,1,,
ヘリオスＸコート,1,2,10,1,11,99,62,98,1,4,-1,2,-4,聴覚保護,3,スタミナ,5,重撃,3,水属性攻撃,1,加護,-2,大海龍の鱗,2,深淵の龍玉,1,火竜の靭尾,1,,
セレネＸコイル,2,1,10,1,11,99,108,150,0,3,-2,1,-5,聴覚保護,3,スタミナ,5,重撃,3,水属性攻撃,1,加護,-2,大海龍の鱗,2,深淵の龍玉,1,火竜の靭尾,1,,
セレネＸコート,2,2,10,1,11,99,62,98,1,4,-1,2,-4,聴覚保護,3,スタミナ,5,重撃,3,水属性攻撃,1,加護,-2,大海龍の鱗,2,深淵の龍玉,1,火竜の靭尾,1,,
EX暁丸【腰当て】,1,1,10,3,12,99,116,152,-2,2,0,2,-4,スタミナ,-1,重撃,1,加護,2,斬術,2,,,老山龍の重殻,5,老山龍の厚鱗,2,大轟竜の厚鱗,6,,
EX曙丸【腰当て】,1,2,10,3,12,99,69,98,-1,3,1,3,-3,スタミナ,-1,重撃,1,加護,2,裏稼業,2,,,老山龍の重殻,5,老山龍の厚鱗,2,大轟竜の厚鱗,6,,
EX凛【腰当て】,2,1,10,3,12,99,116,152,-2,2,0,2,-4,スタミナ,-1,重撃,1,加護,2,斬術,2,,,老山龍の重殻,5,老山龍の厚鱗,2,大轟竜の厚鱗,6,,
EX艶【腰当て】,2,2,10,3,12,99,69,98,-1,3,1,3,-3,スタミナ,-1,重撃,1,加護,2,裏稼業,2,,,老山龍の重殻,5,老山龍の厚鱗,2,大轟竜の厚鱗,6,,
荒天【帯】,0,1,10,3,12,99,112,152,-3,4,0,0,-5,匠,1,本気,3,水属性攻撃,2,食事,-2,,,嵐龍の飛膜,2,嵐龍の堅殻,4,崩竜の厚腹鱗,4,崩天玉,1
蒼天【帯】,0,2,10,3,12,99,65,98,-2,5,0,0,-4,本気,3,装填数,1,水属性攻撃,2,食事,-2,,,嵐龍の飛膜,2,嵐龍の堅殻,4,崩竜の厚腹鱗,4,崩天玉,1
ミラアルマスパイン,0,1,10,1,12,99,116,152,4,0,-3,1,-7,本気,4,不動,2,攻撃,3,スタミナ,-3,,,煉黒龍の黒鱗,5,煉黒龍の灼熱核,2,古龍の血,3,大竜玉,2
ミラアルマスケイル,0,2,10,1,12,99,69,98,5,1,-2,2,-6,本気,4,不動,2,攻撃,4,スタミナ,-3,,,煉黒龍の黒鱗,5,煉黒龍の灼熱核,2,古龍の血,3,大竜玉,2
EXエスカドラマイト,0,1,10,3,12,99,112,152,3,-2,-3,-3,-2,属性耐性,3,回避距離,3,気絶,-3,秘伝,1,,,煌黒龍の天鱗,4,煌黒龍の凶爪,3,覇導玉,1,星石の結晶,3
EXエスカドラフォルス,0,2,10,3,12,99,65,98,4,-1,-2,-2,-1,属性耐性,3,回避距離,3,気絶,-3,射法,1,,,煌黒龍の天鱗,4,煌黒龍の凶爪,3,覇導玉,1,星石の結晶,3
スターナイトコイル,0,1,10,1,11,99,100,151,1,1,1,1,1,匠,2,闘魂,4,乗り,3,斬術,2,,,スタジオＳパス,1,大長老チケットＳ,3,雷狼竜の重殻,5,千刃竜の斬刃鱗,5
スターナイトコート,0,2,10,1,11,99,55,97,2,2,2,2,2,闘魂,3,無傷,3,装填数,2,乗り,4,,,スタジオＳパス,1,大長老チケットＳ,3,雷狼竜の重殻,5,千刃竜の斬刃鱗,5
反逆王Ｊコイル,0,1,10,3,11,99,100,151,-4,-4,-4,-4,-4,強欲,1,剥ぎ取り,4,回復量,-3,秘伝,3,,,反逆Ｊチケット,1,獄炎の厚龍鱗,3,炎王龍の重殻,3,炎龍の塵粉,4
反逆王Ｊスカート,0,2,10,3,11,99,55,97,-3,-3,-3,-3,-3,強欲,1,剥ぎ取り,3,回復量,-3,射法,2,,,反逆Ｊチケット,1,獄炎の厚龍鱗,3,炎王龍の重殻,3,炎龍の塵粉,4
王者のベルト,0,1,10,3,11,99,88,152,-2,-2,-2,-2,4,重撃,3,属性攻撃,-2,体術,2,剛腕,2,,,刃牙道の証,1,黄金の煌毛,1,金獅子の重牙,4,大長老チケットＳ,2
強者のベルト,0,2,10,3,11,99,47,100,-1,-1,-1,-1,5,重撃,3,属性攻撃,-2,体術,2,剛腕,2,,,刃牙道の証,1,黄金の煌毛,1,金獅子の重牙,4,大長老チケットＳ,2
Ｇ・ルナＺコイル,0,1,10,3,11,99,108,150,2,-4,-7,0,4,運気,3,重撃,2,雷耐性,-2,加護,1,,,金火竜の厚鱗,5,金火竜の重殻,3,煌炎の雫,3,真紅蓮石,3
Ｇ・ルナＺコート,0,2,10,3,11,99,62,98,3,-3,-6,1,5,運気,3,重撃,1,雷耐性,-2,加護,1,,,金火竜の厚鱗,5,金火竜の重殻,3,煌炎の雫,3,真紅蓮石,3
Ｓ・ソルＺコイル,0,1,10,2,11,99,108,150,2,-7,-4,0,4,痛撃,2,達人,1,斬れ味,1,火属性攻撃,6,回復量,-3,銀火竜の重殻,5,火竜の剛翼,3,火竜の天鱗,1,業炎袋,3
Ｓ・ソルＺコート,0,2,10,2,11,99,62,98,3,-6,-3,1,5,痛撃,2,達人,1,貫通弾強化,2,火属性攻撃,5,回復量,-2,銀火竜の重殻,5,火竜の剛翼,3,火竜の天鱗,1,業炎袋,3
リベリオンＸコイル,0,1,10,1,12,99,110,152,3,3,-2,-2,-3,怒,3,増幅,3,攻撃,-3,,,,,蛇王龍の厚鋼皮,5,蛇王龍の厚尾鱗,4,蛇王龍の剛鉤爪,2,凶星の破片,6
ライオットＸコート,0,2,10,1,12,99,64,98,4,4,-1,-1,-2,怒,3,頑強,3,攻撃,-3,,,,,蛇王龍の厚鋼皮,5,蛇王龍の厚尾鱗,4,蛇王龍の剛鉤爪,2,凶星の破片,6
ドラゴンＸスパイン,0,1,10,2,12,99,118,154,-3,2,2,-1,-6,剛撃,1,斬れ味,1,納刀,1,溜め短縮,-3,,,黒龍の重殻,4,黒龍の厚鱗,5,黒龍の剛翼,2,火竜の紅玉,3
ドラゴンＸスケイル,0,2,10,2,12,99,71,100,-2,3,3,0,-5,剛撃,1,納刀,1,溜め短縮,-3,貫通弾強化,1,,,黒龍の重殻,4,黒龍の厚鱗,5,黒龍の剛翼,2,火竜の紅玉,3
ミラルーツスパイン,0,1,10,1,12,99,120,156,-2,2,2,-1,-7,刀匠,1,運気,-3,達人,6,無傷,3,,,祖龍の重殻,3,祖龍の厚白鱗,2,祖龍の剛翼,1,古龍の大宝玉,1
ミラルーツスケイル,0,2,10,1,12,99,72,101,-1,3,3,0,-6,射手,1,運気,-3,達人,6,無傷,3,,,祖龍の重殻,3,祖龍の厚白鱗,2,祖龍の剛翼,1,古龍の大宝玉,1
GXハンターランバー,0,1,10,3,12,99,120,156,0,1,-3,0,0,溜め短縮,6,加護,-3,,,,,,,狩人チケット,1,緑毛獣の豪剛毛,5,奇猿狐の重長骨,5,エルトライト鉱石,8
GXハンタータセット,0,2,10,3,12,99,72,101,1,2,-2,1,1,根性,6,加護,-3,,,,,,,狩人チケット,1,緑毛獣の豪剛毛,5,奇猿狐の重長骨,5,エルトライト鉱石,8
GXグリードランバー,0,1,10,0,12,99,100,151,-5,-5,-5,-5,-5,痛撃,2,剥ぎ取り,4,運気,4,達人,-4,,,強欲チケット,1,血戦の漆黒皮,4,恐暴竜の重尾,3,大長老チケットＳ,3
GXグリードタセット,0,2,10,0,12,99,55,97,-4,-4,-4,-4,-4,痛撃,2,剥ぎ取り,4,運気,4,達人,-4,,,強欲チケット,1,血戦の漆黒皮,4,恐暴竜の重尾,3,大長老チケットＳ,3
GX荒天【羽帯】,0,1,10,0,12,99,88,152,-3,4,0,0,-5,胴系統倍加,1,,,,,,,,,嵐龍チケット,1,巨戟龍の城殻,4,巨戟龍の筋繊翼,3,大長老チケットＳ,3
GX蒼天【羽帯】,0,2,10,0,12,99,47,100,-2,5,0,0,-4,胴系統倍加,1,,,,,,,,,嵐龍チケット,1,巨戟龍の城殻,4,巨戟龍の筋繊翼,3,大長老チケットＳ,3
GXミラバルＺランバー,0,1,10,1,12,99,110,152,2,-1,1,-3,-7,刀匠,2,根性,2,体術,-3,秘伝,3,,,紅龍チケット,1,黒龍の紅焔殻,6,黒龍の紅焔鱗,5,驚異の大爆心,1
GXミラバルＺタセット,0,2,10,1,12,99,64,98,3,0,2,-2,-6,射手,2,根性,2,体術,-3,裏稼業,3,,,紅龍チケット,1,黒龍の紅焔殻,6,黒龍の紅焔鱗,5,驚異の大爆心,1
